ottaID,C1.MES,C2.IMM,C4.DIF,C5.PRO
TAOC00005,0.808,0.137,0.02,0.035
TAOC00009,0.115,0.668,0.135,0.082
TAOC00018,0.11,0.395,0.362,0.133
TAOC00019,0.27,0.573,0.09,0.067
TAOC00022,0.579,0.27,0.056,0.095
TAOC00024,0.297,0.347,0.189,0.167
TAOC00029,0.033,0.042,0.369,0.556
TAOC00034,0.099,0.416,0.359,0.126
TAOC00068,0.609,0.095,0.06,0.236
TAOC00070,0.073,0.773,0.118,0.036
TAOC00095,0.909,0.066,0.006,0.019
TAOC00098,0.516,0.313,0.065,0.106
TAOC00099,0.943,0.051,0.001,0.005
TAOC00101,0.019,0.181,0.701,0.099
TAOC00118,0.015,0.093,0.822,0.07
TAOC00121,0.432,0.19,0.057,0.321
TAOC00128,0.09,0.193,0.242,0.475
TAOC00135,0.917,0.063,0.003,0.017
TAOC00158,0.158,0.157,0.278,0.407
TAOC00171,0.924,0.056,0.004,0.016
TAOC00191,0.227,0.341,0.157,0.275
TAOC00192,0.076,0.626,0.219,0.079
TAOC00195,0.151,0.454,0.213,0.182
TAOC00208,0.066,0.608,0.275,0.051
TAOC00220,0.366,0.362,0.064,0.208
TAOC00224,0.108,0.46,0.292,0.14
TAOC00229,0.498,0.257,0.136,0.109
TAOC00230,0.011,0.024,0.414,0.551
TAOC00240,0.585,0.234,0.084,0.097
TAOC00241,0.967,0.02,0.004,0.009
TAOC00255,0.031,0.03,0.243,0.696
TAOC00268,0.086,0.377,0.436,0.101
TAOC00281,0.076,0.652,0.197,0.075
TAOC00287,0.118,0.523,0.23,0.129
TAOC00291,0.054,0.277,0.542,0.127
TAOC00313,0.148,0.634,0.131,0.087
TAOC00329,0.057,0.303,0.562,0.078
TAOC00334,0.361,0.335,0.11,0.194
TAOC00341,0.908,0.055,0.004,0.033
TAOC00344,0.934,0.05,0.002,0.014
TAOC00385,0.115,0.751,0.087,0.047
TAOC00411,0.251,0.105,0.12,0.524
TAOC00417,0.041,0.669,0.238,0.052
TAOC00422,0.102,0.466,0.346,0.086
TAOC00460,0.065,0.111,0.467,0.357
TAOC00462,0.239,0.506,0.136,0.119
TAOC00469,0.085,0.397,0.287,0.231
TAOC00474,0.091,0.416,0.335,0.158
TAOC00491,0.048,0.126,0.65,0.176
TAOC00505,0.841,0.129,0.007,0.023
TAOC00507,0.192,0.401,0.177,0.23
TAOC00516,0.024,0.285,0.599,0.092
TAOC00518,0.969,0.021,0.004,0.006
TAOC00521,0.784,0.148,0.01,0.058
TAOC00525,0.058,0.206,0.3,0.436
TAOC00535,0.139,0.319,0.378,0.164
TAOC00551,0.115,0.262,0.371,0.252
TAOC00555,0.736,0.184,0.013,0.067
TAOC00557,0.19,0.499,0.186,0.125
TAOC00558,0.31,0.199,0.087,0.404
TAOC00559,0.946,0.044,0.003,0.007
TAOC00565,0.561,0.303,0.047,0.089
TAOC00566,0.05,0.1,0.258,0.592
TAOC00576,0.874,0.068,0.018,0.04
TAOC00578,0.153,0.469,0.217,0.161
TAOC00579,0.234,0.382,0.162,0.222
TAOC00581,0.593,0.188,0.072,0.147
TAOC00583,0.658,0.228,0.036,0.078
TAOC00591,0.048,0.156,0.446,0.35
TAOC00602,0.131,0.436,0.323,0.11
TAOC00622,0.018,0.054,0.424,0.504
TAOC00642,0.479,0.22,0.125,0.176
TAOC00647,0.533,0.356,0.053,0.058
TAOC00648,0.106,0.716,0.138,0.04
TAOC00657,0.409,0.227,0.114,0.25
TAOC00665,0.106,0.462,0.318,0.114
TAOC00670,0.722,0.213,0.019,0.046
TAOC00672,0.224,0.454,0.183,0.139
TAOC00673,0.073,0.03,0.079,0.818
TAOC00675,0.228,0.594,0.099,0.079
TAOC00676,0.024,0.029,0.209,0.738
TAOC00682,0.783,0.207,0.002,0.008
TAOC00684,0.058,0.026,0.172,0.744
TAOC00715,0.225,0.41,0.166,0.199
TAOC00737,0.766,0.159,0.019,0.056
TAOC00741,0.203,0.367,0.192,0.238
TAOC00749,0.148,0.243,0.118,0.491
TAOC00778,0.872,0.073,0.011,0.044
TAOC00790,0.027,0.833,0.116,0.024
TAOC00792,0.358,0.286,0.176,0.18
TAOC00801,0.292,0.355,0.116,0.237
TAOC00802,0.849,0.078,0.015,0.058
TAOC00803,0.726,0.16,0.011,0.103
TAOC00815,0.13,0.466,0.213,0.191
TAOC00823,0.213,0.302,0.212,0.273
TAOC00832,0.362,0.399,0.08,0.159
TAOC00853,0.178,0.361,0.22,0.241
TAOC00863,0.389,0.327,0.122,0.162
TAOC00877,0.146,0.275,0.292,0.287
TAOC00906,0.283,0.487,0.093,0.137
TAOC00907,0.029,0.181,0.696,0.094
TAOC00908,0.863,0.12,0.009,0.008
TAOC00916,0.04,0.075,0.327,0.558
TAOC00917,0.832,0.114,0.015,0.039
TAOC00919,0.513,0.321,0.044,0.122
TAOC00954,0.018,0.164,0.699,0.119
TAOC00990,0.051,0.213,0.523,0.213
TAOC01015,0.176,0.365,0.221,0.238
TAOC01038,0.849,0.113,0.009,0.029
TAOC01054,0.75,0.137,0.033,0.08
TAOC01057,0.08,0.795,0.068,0.057
TAOC01064,0.348,0.441,0.093,0.118
TAOC01079,0.034,0.078,0.485,0.403
TAOC01090,0.452,0.215,0.099,0.234
TAOC01094,0.085,0.26,0.507,0.148
TAOC01146,0.13,0.56,0.2,0.11
TAOC01203,0.008,0.052,0.848,0.092
TAOC01205,0.468,0.336,0.068,0.128
TAOC01208,0.007,0.062,0.811,0.12
TAOC01217,0.28,0.248,0.198,0.274
TAOC01238,0.269,0.329,0.175,0.227
TAOC01262,0.039,0.115,0.551,0.295
TAOC01265,0.076,0.206,0.199,0.519
TAOC01267,0.017,0.092,0.758,0.133
TAOC01306,0.922,0.043,0.007,0.028
TAOC01317,0.383,0.261,0.172,0.184
TAOC01332,0.087,0.295,0.493,0.125
TAOC01339,0.713,0.212,0.032,0.043
TAOC01370,0.024,0.255,0.615,0.106
TAOC01388,0.517,0.166,0.083,0.234
TAOC01399,0.373,0.054,0.061,0.512
TAOC01408,0.228,0.348,0.308,0.116
TAOC01410,0.035,0.033,0.458,0.474
TAOC01427,0.485,0.119,0.1,0.296
TAOC01428,0.05,0.821,0.088,0.041
TAOC01458,0.574,0.296,0.048,0.082
TAOC01475,0.493,0.253,0.092,0.162
TAOC01486,0.26,0.283,0.193,0.264
TAOC01487,0.817,0.113,0.005,0.065
TAOC01496,0.485,0.336,0.069,0.11
TAOC01515,0.105,0.498,0.25,0.147
TAOC01522,0.652,0.192,0.059,0.097
TAOC01525,0.022,0.065,0.652,0.261
TAOC01542,0.235,0.573,0.135,0.057
TAOC01551,0.723,0.148,0.043,0.086
TAOC01561,0.024,0.177,0.735,0.064
TAOC01572,0.128,0.574,0.222,0.076
TAOC01609,0.663,0.295,0.012,0.03
TAOC01644,0.781,0.183,0.002,0.034
TAOC01646,0.844,0.092,0.007,0.057
TAOC01663,0.384,0.277,0.124,0.215
TAOC01710,0.148,0.363,0.258,0.231
TAOC01725,0.123,0.382,0.272,0.223
TAOC01733,0.947,0.021,0.003,0.029
TAOC01738,0.075,0.228,0.292,0.405
TAOC01743,0.39,0.375,0.044,0.191
TAOC01778,0.194,0.338,0.197,0.271
TAOC01793,0.069,0.198,0.556,0.177
TAOC01803,0.016,0.076,0.655,0.253
TAOC01807,0.191,0.431,0.185,0.193
TAOC01837,0.029,0.564,0.308,0.099
TAOC01847,0.968,0.012,0.004,0.016
TAOC01859,0.131,0.291,0.32,0.258
TAOC01874,0.043,0.097,0.684,0.176
TAOC01889,0.148,0.625,0.127,0.1
TAOC01891,0.144,0.103,0.278,0.475
TAOC01893,0.234,0.426,0.143,0.197
TAOC01895,0.88,0.057,0.011,0.052
TAOC01900,0.884,0.03,0.023,0.063
TAOC01910,0.033,0.241,0.559,0.167
TAOC01919,0.837,0.101,0.022,0.04
TAOC01927,0.208,0.342,0.205,0.245
TAOC01928,0.805,0.142,0.012,0.041
TAOC01931,0.04,0.837,0.088,0.035
TAOC01943,0.032,0.102,0.591,0.275
TAOC01948,0.033,0.029,0.189,0.749
TAOC01953,0.957,0.032,0.002,0.009
TAOC01954,0.136,0.336,0.246,0.282
TAOC01956,0.169,0.343,0.251,0.237
TAOC01967,0.033,0.111,0.634,0.222
TAOC01969,0.295,0.191,0.167,0.347
TAOC01973,0.085,0.581,0.196,0.138
TAOC01988,0.243,0.55,0.092,0.115
TAOC01995,0.895,0.08,0.008,0.017
TAOC01999,0.048,0.115,0.65,0.187
TAOC02002,0.729,0.191,0.023,0.057
TAOC02003,0.02,0.044,0.706,0.23
TAOC02010,0.666,0.138,0.057,0.139
TAOC02013,0.81,0.13,0.016,0.044
TAOC02029,0.176,0.325,0.221,0.278
TAOC02032,0.044,0.289,0.503,0.164
TAOC02038,0.573,0.187,0.083,0.157
TAOC02049,0.173,0.142,0.152,0.533
TAOC02051,0.945,0.043,0.001,0.011
TAOC02057,0.175,0.253,0.226,0.346
TAOC02058,0.604,0.287,0.043,0.066
TAOC02059,0.034,0.077,0.663,0.226
TAOC02061,0.023,0.617,0.292,0.068
TAOC02062,0.146,0.623,0.181,0.05
TAOC02063,0.142,0.266,0.39,0.202
TAOC02064,0.939,0.048,0.006,0.007
TAOC02065,0.031,0.739,0.205,0.025
TAOC02067,0.748,0.12,0.058,0.074
TAOC02074,0.013,0.194,0.707,0.086
TAOC02077,0.779,0.1,0.025,0.096
TAOC02080,0.013,0.046,0.651,0.29
TAOC02081,0.937,0.046,0.002,0.015
TAOC02083,0.022,0.057,0.235,0.686
TAOC02087,0.571,0.196,0.109,0.124
TAOC02100,0.046,0.094,0.271,0.589
TAOC02120,0.034,0.15,0.676,0.14
TAOC02124,0.124,0.212,0.219,0.445
TAOC02125,0.052,0.198,0.291,0.459
TAOC02133,0.943,0.048,0.001,0.008
TAOC02136,0.03,0.209,0.708,0.053
TAOC02144,0.023,0.028,0.452,0.497
TAOC02145,0.047,0.531,0.202,0.22
TAOC02174,0.886,0.075,0.007,0.032
TAOC02189,0.05,0.085,0.248,0.617
TAOC02193,0.047,0.436,0.419,0.098
TAOC02205,0.118,0.285,0.22,0.377
TAOC02206,0.161,0.32,0.199,0.32
TAOC02212,0.049,0.111,0.617,0.223
TAOC02214,0.685,0.214,0.042,0.059
TAOC02215,0.096,0.279,0.396,0.229
TAOC02222,0.147,0.417,0.277,0.159
TAOC02239,0.855,0.106,0.011,0.028
TAOC02242,0.191,0.334,0.215,0.26
TAOC02247,0.695,0.18,0.044,0.081
TAOC02248,0.026,0.11,0.701,0.163
TAOC02249,0.036,0.231,0.551,0.182
TAOC02259,0.975,0.024,0,0.001
TAOC02287,0.872,0.081,0.009,0.038
TAOC02288,0.03,0.761,0.186,0.023
TAOC02293,0.037,0.021,0.173,0.769
TAOC02296,0.029,0.25,0.53,0.191
TAOC02297,0.668,0.276,0.023,0.033
TAOC02305,0.509,0.232,0.082,0.177
TAOC02309,0.884,0.097,0.003,0.016
TAOC02313,0.082,0.569,0.272,0.077
TAOC02319,0.106,0.254,0.324,0.316
TAOC02321,0.156,0.76,0.04,0.044
TAOC02327,0.802,0.158,0.008,0.032
TAOC02331,0.859,0.124,0.004,0.013
TAOC02363,0.086,0.684,0.166,0.064
TAOC02375,0.827,0.093,0.007,0.073
TAOC02380,0.347,0.22,0.128,0.305
TAOC02383,0.869,0.113,0.008,0.01
TAOC02385,0.287,0.397,0.147,0.169
TAOC02394,0.163,0.336,0.188,0.313
TAOC02395,0.098,0.283,0.462,0.157
TAOC02404,0.308,0.348,0.123,0.221
TAOC02408,0.055,0.347,0.45,0.148
TAOC02414,0.936,0.04,0.004,0.02
TAOC02415,0.455,0.263,0.161,0.121
TAOC02419,0.019,0.08,0.718,0.183
TAOC02420,0.674,0.244,0.024,0.058
TAOC02421,0.19,0.331,0.219,0.26
TAOC02422,0.103,0.306,0.413,0.178
TAOC02427,0.144,0.096,0.217,0.543
TAOC02428,0.016,0.06,0.83,0.094
TAOC02433,0.312,0.132,0.111,0.445
TAOC02436,0.805,0.149,0.014,0.032
TAOC02438,0.176,0.574,0.138,0.112
TAOC02440,0.969,0.025,0.002,0.004
TAOC02444,0.417,0.507,0.039,0.037
TAOC02445,0.602,0.301,0.036,0.061
TAOC02446,0.924,0.048,0.001,0.027
TAOC02447,0.292,0.432,0.127,0.149
TAOC02449,0.228,0.347,0.193,0.232
TAOC02452,0.92,0.046,0.008,0.026
TAOC02454,0.324,0.58,0.053,0.043
TAOC02455,0.949,0.024,0.007,0.02
TAOC02457,0.445,0.245,0.139,0.171
TAOC02461,0.726,0.176,0.039,0.059
TAOC02463,0.013,0.064,0.592,0.331
TAOC02464,0.053,0.537,0.331,0.079
TAOC02465,0.589,0.35,0.03,0.031
TAOC02470,0.1,0.358,0.351,0.191
TAOC02471,0.677,0.245,0.03,0.048
TAOC02473,0.021,0.059,0.533,0.387
TAOC02474,0.636,0.255,0.031,0.078
TAOC02475,0.099,0.369,0.315,0.217
TAOC02476,0.095,0.596,0.211,0.098
TAOC02479,0.05,0.89,0.037,0.023
TAOC02492,0.057,0.243,0.538,0.162
TAOC02494,0.584,0.23,0.075,0.111
TAOC02496,0.213,0.692,0.05,0.045
TAOC02504,0.92,0.049,0.005,0.026
TAOC02507,0.203,0.387,0.196,0.214
TAOC02514,0.122,0.446,0.246,0.186
TAOC02518,0.377,0.332,0.115,0.176
TAOC02520,0.074,0.516,0.234,0.176
TAOC02557,0.199,0.252,0.271,0.278
TAOC02559,0.047,0.221,0.549,0.183
TAOC02561,0.058,0.074,0.675,0.193
TAOC02565,0.648,0.221,0.05,0.081
TAOC02566,0.256,0.356,0.187,0.201
TAOC02568,0.103,0.385,0.3,0.212
TAOC02571,0.17,0.333,0.228,0.269
TAOC02572,0.07,0.135,0.365,0.43
TAOC02575,0.27,0.076,0.083,0.571
TAOC02584,0.072,0.796,0.104,0.028
TAOC02586,0.162,0.381,0.256,0.201
TAOC02588,0.433,0.17,0.095,0.302
TAOC02589,0.015,0.036,0.689,0.26
TAOC02595,0.126,0.48,0.255,0.139
TAOC02596,0.321,0.447,0.125,0.107
TAOC02600,0.615,0.112,0.071,0.202
TAOC02605,0.938,0.04,0,0.022
TAOC02607,0.075,0.178,0.566,0.181
TAOC02610,0.071,0.34,0.408,0.181
TAOC02612,0.047,0.379,0.429,0.145
TAOC02627,0.026,0.042,0.355,0.577
TAOC02632,0.734,0.091,0.036,0.139
TAOC02642,0.119,0.604,0.197,0.08
TAOC02644,0.159,0.347,0.246,0.248
TAOC02646,0.044,0.271,0.591,0.094
TAOC02657,0.421,0.354,0.082,0.143
TAOC02671,0.211,0.334,0.195,0.26
TAOC02677,0.164,0.145,0.361,0.33
TAOC02678,0.015,0.078,0.717,0.19
TAOC02679,0.046,0.455,0.426,0.073
TAOC02682,0.04,0.031,0.21,0.719
TAOC02683,0.017,0.047,0.635,0.301
TAOC02684,0.337,0.366,0.128,0.169
TAOC02688,0.722,0.129,0.025,0.124
TAOC02707,0.927,0.049,0.007,0.017
TAOC02717,0.183,0.592,0.073,0.152
TAOC02719,0.099,0.398,0.233,0.27
TAOC02740,0.169,0.647,0.13,0.054
TAOC02742,0.093,0.696,0.143,0.068
TAOC02745,0.044,0.129,0.631,0.196
TAOC02746,0.732,0.175,0.023,0.07
TAOC02760,0.49,0.381,0.055,0.074
TAOC02762,0.859,0.123,0.006,0.012
TAOC02765,0.269,0.434,0.201,0.096
TAOC02766,0.461,0.268,0.115,0.156
TAOC02768,0.918,0.064,0.002,0.016
TAOC02769,0.021,0.058,0.523,0.398
TAOC02770,0.915,0.071,0.001,0.013
TAOC02771,0.892,0.068,0.007,0.033
TAOC02773,0.973,0.017,0.002,0.008
TAOC02777,0.59,0.31,0.04,0.06
TAOC02781,0.726,0.252,0.017,0.005
TAOC02784,0.497,0.163,0.111,0.229
TAOC02940,0.86,0.05,0.022,0.068
TAOC02955,0.048,0.523,0.364,0.065
TAOC10001,0.132,0.348,0.365,0.155
TAOC10002,0.031,0.334,0.56,0.075
TAOC10007,0.028,0.093,0.584,0.295
TAOC10009,0.068,0.124,0.491,0.317
TAOC10010,0.028,0.02,0.185,0.767
TAOC10012,0.35,0.463,0.084,0.103
TAOC10015,0.089,0.135,0.294,0.482
TAOC10016,0.008,0.06,0.775,0.157
TAOC10017,0.019,0.062,0.62,0.299
TAOC10019,0.787,0.066,0.023,0.124
TAOC10020,0.066,0.558,0.26,0.116
TAOC10021,0.906,0.068,0.006,0.02
TAOC10023,0.784,0.207,0.001,0.008
TAOC10024,0.01,0.067,0.769,0.154
TAOC10026,0.878,0.08,0.011,0.031
TAOC10028,0.107,0.31,0.428,0.155
TAOC10029,0.315,0.502,0.105,0.078
TAOC10030,0.043,0.119,0.65,0.188
TAOC10031,0.026,0.025,0.348,0.601
TAOC10033,0.017,0.59,0.352,0.041
TAOC10037,0.921,0.07,0.003,0.006
TAOC10038,0.027,0.361,0.548,0.064
TAOC10041,0.911,0.053,0.005,0.031
TAOC10042,0.663,0.189,0.06,0.088
TAOC10043,0.82,0.156,0.007,0.017
TAOC10044,0.811,0.163,0.005,0.021
TAOC10045,0.797,0.176,0.004,0.023
TAOC10046,0.713,0.155,0.05,0.082
TAOC10050,0.316,0.336,0.153,0.195
TAOC10052,0.936,0.056,0,0.008
TAOC10054,0.89,0.105,0.002,0.003
TAOC10055,0.831,0.063,0.012,0.094
TAOC10057,0.138,0.412,0.31,0.14
TAOC10059,0.033,0.489,0.373,0.105
TAOC10061,0.03,0.082,0.723,0.165
TAOC10062,0.674,0.117,0.054,0.155
TAOC10063,0.715,0.25,0.016,0.019
TAOC10064,0.143,0.196,0.141,0.52
TAOC10070,0.183,0.351,0.238,0.228
TAOC10071,0.465,0.366,0.082,0.087
TAOC10073,0.773,0.201,0.005,0.021
TAOC10074,0.085,0.046,0.092,0.777
TAOC10077,0.832,0.154,0.005,0.009
TAOC10078,0.78,0.104,0.042,0.074
TAOC10079,0.085,0.214,0.468,0.233
TAOC10087,0.226,0.195,0.311,0.268
TAOC10088,0.018,0.096,0.746,0.14
TAOC10089,0.803,0.186,0.003,0.008
TAOC10091,0.591,0.324,0.032,0.053
TAOC10092,0.806,0.09,0.027,0.077
TAOC10094,0.96,0.034,0.003,0.003
TAOC10095,0.023,0.283,0.606,0.088
TAOC10096,0.059,0.187,0.451,0.303
TAOC10097,0.028,0.738,0.203,0.031
TAOC10098,0.866,0.042,0.007,0.085
TAOC10100,0.351,0.154,0.152,0.343
TAOC10103,0.054,0.425,0.36,0.161
TAOC10106,0.534,0.203,0.106,0.157
TAOC10107,0.963,0.016,0.002,0.019
TAOC10108,0.206,0.6,0.14,0.054
TAOC10109,0.792,0.119,0.029,0.06
TAOC10110,0.082,0.544,0.302,0.072
TAOC10112,0.01,0.105,0.773,0.112
TAOC10113,0.951,0.013,0.007,0.029
TAOC10116,0.089,0.46,0.329,0.122
TAOC10117,0.678,0.275,0.022,0.025
TAOC10119,0.077,0.466,0.359,0.098
TAOC10120,0.121,0.601,0.193,0.085
TAOC10121,0.022,0.053,0.589,0.336
TAOC10122,0.013,0.104,0.75,0.133
TAOC10124,0.421,0.491,0.04,0.048
TAOC10125,0.59,0.248,0.056,0.106
TAOC10127,0.135,0.55,0.19,0.125
TAOC10129,0.011,0.011,0.093,0.885
TAOC10130,0.56,0.295,0.075,0.07
TAOC10131,0.048,0.431,0.406,0.115
TAOC10132,0.049,0.073,0.279,0.599
TAOC10134,0.097,0.08,0.44,0.383
TAOC10136,0.017,0.196,0.722,0.065
TAOC10137,0.806,0.152,0.011,0.031
TAOC10138,0.745,0.156,0.03,0.069
TAOC10139,0.027,0.167,0.603,0.203
TAOC10140,0.502,0.324,0.087,0.087
TAOC10142,0.042,0.101,0.73,0.127
TAOC10143,0.033,0.022,0.124,0.821
TAOC10144,0.737,0.22,0.014,0.029
TAOC10146,0.065,0.252,0.549,0.134
TAOC10147,0.083,0.206,0.361,0.35
TAOC10148,0.354,0.202,0.117,0.327
TAOC10149,0.025,0.305,0.445,0.225
TAOC10154,0.209,0.213,0.164,0.414
TAOC10157,0.185,0.525,0.181,0.109
TAOC10158,0.033,0.039,0.349,0.579
TAOC10159,0.849,0.087,0.017,0.047
TAOC10161,0.586,0.335,0.037,0.042
TAOC10162,0.211,0.684,0.048,0.057
TAOC10163,0.142,0.317,0.197,0.344
TAOC10164,0.726,0.063,0.018,0.193
TAOC10165,0.952,0.025,0.002,0.021
TAOC10166,0.239,0.503,0.168,0.09
TAOC10167,0.518,0.412,0.037,0.033
TAOC10170,0.843,0.112,0.017,0.028
TAOC10171,0.239,0.503,0.139,0.119
TAOC10172,0.027,0.07,0.695,0.208
TAOC10174,0.072,0.404,0.363,0.161
TAOC10175,0.957,0.037,0,0.006
TAOC10177,0.106,0.193,0.337,0.364
TAOC10178,0.549,0.321,0.059,0.071
TAOC10181,0.795,0.183,0.007,0.015
TAOC10186,0.052,0.107,0.609,0.232
TAOC10196,0.172,0.382,0.231,0.215
TAOC10200,0.01,0.076,0.607,0.307
TAOC10203,0.758,0.185,0.024,0.033
TAOC10204,0.02,0.018,0.179,0.783
TAOC10209,0.949,0.04,0,0.011
TAOC10210,0.915,0.018,0.009,0.058
TAOC10211,0.014,0.059,0.703,0.224
TAOC10213,0.78,0.126,0.039,0.055
TAOC10221,0.05,0.403,0.377,0.17
TAOC10223,0.047,0.389,0.263,0.301
TAOC10230,0.012,0.019,0.291,0.678
TAOC10233,0.795,0.158,0.01,0.037
TAOC10236,0.037,0.145,0.548,0.27
TAOC10237,0.909,0.063,0.006,0.022
TAOC10238,0.017,0.018,0.442,0.523
TAOC10239,0.019,0.015,0.145,0.821
TAOC10242,0.14,0.644,0.148,0.068
TAOC10243,0.028,0.309,0.541,0.122
TAOC10251,0.097,0.56,0.256,0.087
TAOC10259,0.042,0.031,0.16,0.767
TAOC10265,0.127,0.198,0.334,0.341
TAOC10266,0.391,0.332,0.084,0.193
TAOC10267,0.774,0.191,0.013,0.022
TAOC10268,0.063,0.127,0.573,0.237
TAOC10269,0.701,0.162,0.042,0.095
TAOC10271,0.155,0.459,0.211,0.175
TAOC10274,0.02,0.83,0.131,0.019
TAOC10275,0.345,0.219,0.11,0.326
TAOC10276,0.302,0.218,0.187,0.293
TAOC10283,0.029,0.022,0.239,0.71
TAOC10284,0.295,0.038,0.069,0.598
TAOC10286,0.201,0.33,0.218,0.251
TAOC10287,0.009,0.037,0.602,0.352
TAOC10288,0.044,0.478,0.257,0.221
TAOC10293,0.389,0.294,0.144,0.173
TAOC10294,0.91,0.063,0.002,0.025
TAOC10297,0.671,0.219,0.03,0.08
TAOC10299,0.041,0.824,0.081,0.054
TAOC10303,0.027,0.163,0.721,0.089
TAOC10306,0.025,0.08,0.721,0.174
TAOC10307,0.033,0.19,0.597,0.18
TAOC10308,0.063,0.252,0.322,0.363
TAOC10311,0.968,0.021,0.003,0.008
TAOC10312,0.144,0.058,0.179,0.619
TAOC10313,0.922,0.064,0.006,0.008
TAOC10314,0.03,0.077,0.619,0.274
TAOC10315,0.135,0.248,0.408,0.209
TAOC10316,0.089,0.184,0.397,0.33
TAOC10317,0.044,0.146,0.263,0.547
TAOC10319,0.127,0.13,0.245,0.498
TAOC10321,0.248,0.341,0.176,0.235
TAOC10322,0.012,0.754,0.206,0.028
TAOC10323,0.609,0.233,0.051,0.107
TAOC10325,0.014,0.066,0.611,0.309
TAOC10330,0.619,0.247,0.041,0.093
TAOC10331,0.214,0.519,0.154,0.113
TAOC10332,0.127,0.417,0.263,0.193
TAOC10333,0.089,0.695,0.179,0.037
TAOC10334,0.13,0.672,0.146,0.052
TAOC10335,0.148,0.684,0.104,0.064
TAOC10336,0.531,0.33,0.065,0.074
TAOC10337,0.184,0.401,0.199,0.216
TAOC10338,0.145,0.292,0.249,0.314
TAOC10339,0.114,0.459,0.263,0.164
TAOC10340,0.124,0.468,0.248,0.16
TAOC10341,0.139,0.371,0.29,0.2
TAOC10343,0.794,0.126,0.02,0.06
TAOC10344,0.795,0.185,0.008,0.012
TAOC10345,0.026,0.158,0.685,0.131
TAOC10347,0.833,0.115,0.015,0.037
TAOC10348,0.895,0.092,0.007,0.006
TAOC10349,0.407,0.459,0.083,0.051
TAOC10350,0.096,0.606,0.238,0.06
TAOC10351,0.028,0.58,0.346,0.046
TAOC10353,0.066,0.399,0.44,0.095
TAOC10354,0.37,0.318,0.142,0.17
TAOC10355,0.942,0.026,0.006,0.026
TAOC10356,0.108,0.289,0.287,0.316
TAOC10357,0.161,0.532,0.171,0.136
TAOC10358,0.806,0.164,0.009,0.021
TAOC10359,0.022,0.05,0.479,0.449
TAOC10361,0.496,0.42,0.04,0.044
TAOC10364,0.505,0.393,0.028,0.074
TAOC10366,0.111,0.424,0.337,0.128
TAOC10367,0.06,0.312,0.346,0.282
TAOC10368,0.119,0.246,0.448,0.187
TAOC10369,0.785,0.153,0.03,0.032
TAOC10370,0.969,0.017,0.005,0.009
TAOC10371,0.021,0.014,0.241,0.724
TAOC10372,0.057,0.43,0.373,0.14
TAOC10373,0.909,0.075,0.004,0.012
TAOC10374,0.68,0.191,0.041,0.088
TAOC10375,0.781,0.183,0.015,0.021
TAOC10377,0.02,0.615,0.339,0.026
TAOC10378,0.563,0.24,0.056,0.141
TAOC10379,0.951,0.018,0.001,0.03
TAOC10380,0.436,0.423,0.088,0.053
TAOC10381,0.237,0.547,0.109,0.107
TAOC10382,0.512,0.275,0.082,0.131
TAOC10383,0.046,0.629,0.247,0.078
TAOC10384,0.192,0.669,0.071,0.068
TAOC10385,0.126,0.637,0.129,0.108
TAOC10386,0.071,0.149,0.58,0.2
TAOC10387,0.136,0.535,0.211,0.118
TAOC10389,0.402,0.414,0.053,0.131
TAOC10390,0.113,0.484,0.261,0.142
TAOC10392,0.035,0.776,0.125,0.064
TAOC10395,0.683,0.287,0.019,0.011
TAOC10396,0.347,0.436,0.112,0.105
TAOC10397,0.85,0.082,0.008,0.06
TAOC10398,0.017,0.338,0.573,0.072
TAOC10399,0.412,0.343,0.095,0.15
TAOC10400,0.337,0.328,0.221,0.114
TAOC10401,0.315,0.572,0.057,0.056
TAOC10402,0.329,0.413,0.12,0.138
TAOC10403,0.049,0.354,0.51,0.087
TAOC10404,0.106,0.779,0.069,0.046
TAOC10405,0.08,0.265,0.391,0.264
TAOC10406,0.51,0.29,0.066,0.134
TAOC10407,0.5,0.295,0.095,0.11
TAOC10408,0.029,0.079,0.473,0.419
TAOC10409,0.055,0.213,0.446,0.286
TAOC10412,0.308,0.342,0.216,0.134
TAOC20001,0.957,0.034,0.001,0.008
TAOV20074,0.064,0.078,0.444,0.414
TAOV20075,0.042,0.06,0.306,0.592
TAOV20076,0.057,0.18,0.605,0.158
TAOV20078,0.029,0.117,0.639,0.215
TAOV20079,0.037,0.551,0.341,0.071
TAOV20080,0.173,0.254,0.335,0.238
TAOV20086,0.657,0.152,0.048,0.143
TAOV20162,0.028,0.023,0.113,0.836
TAOV20163,0.045,0.082,0.531,0.342
TAOV20164,0.603,0.279,0.044,0.074
TAOV20165,0.243,0.556,0.085,0.116
TAOV20171,0.022,0.098,0.58,0.3
TAOV20176,0.204,0.139,0.263,0.394
TAOV20184,0.097,0.216,0.496,0.191
TAOV20186,0.909,0.081,0.002,0.008
TAOV20189,0.04,0.17,0.658,0.132
TAOV20190,0.011,0.073,0.732,0.184
TAOV20191,0.095,0.123,0.257,0.525
TAOV20192,0.025,0.08,0.602,0.293
TAOV20194,0.022,0.173,0.7,0.105
TAOV20195,0.029,0.465,0.419,0.087
TAOV20198,0.181,0.322,0.293,0.204
TAOV20199,0.124,0.774,0.048,0.054
TAOV20202,0.846,0.067,0.012,0.075
TAOV20203,0.55,0.075,0.072,0.303
TAOV20206,0.034,0.016,0.184,0.766
TAOV20207,0.164,0.221,0.261,0.354
TAOV20208,0.079,0.436,0.283,0.202
TAOV20209,0.014,0.106,0.668,0.212
TAOV20210,0.417,0.227,0.111,0.245
TAOV20216,0.214,0.52,0.074,0.192
TAOV20219,0.04,0.436,0.455,0.069
TAOV20221,0.794,0.189,0.007,0.01
TAOV20225,0.036,0.559,0.267,0.138
TAOV20227,0.933,0.05,0.001,0.016
TAOV20228,0.959,0.025,0.005,0.011
TAOV20229,0.026,0.202,0.642,0.13
TAOV20231,0.017,0.085,0.66,0.238
TAOV20305,0.063,0.163,0.526,0.248
TAOV20306,0.02,0.033,0.275,0.672
TAOV20311,0.038,0.077,0.63,0.255
TAOV20366,0.009,0.06,0.599,0.332
TAOV20370,0.039,0.087,0.405,0.469
TAOV20371,0.072,0.479,0.256,0.193
TAOV20411,0.01,0.061,0.555,0.374
TAOV20448,0.02,0.088,0.725,0.167
TAOV20477,0.9,0.085,0.003,0.012
TAOV20524,0.023,0.604,0.321,0.052
TAOV20529,0.046,0.424,0.357,0.173
TAOV20535,0.056,0.062,0.318,0.564
TAOV20540,0.048,0.264,0.521,0.167
TAOV20542,0.051,0.651,0.247,0.051
TAOV20556,0.826,0.035,0.007,0.132
TAOV20557,0.024,0.741,0.17,0.065
TAOV20686,0.091,0.034,0.133,0.742
TAOV20689,0.223,0.176,0.365,0.236
TAOV20715,0.017,0.514,0.403,0.066
TAOV20723,0.02,0.116,0.777,0.087
TAOV20773,0.252,0.114,0.22,0.414
TAOV20786,0.092,0.283,0.406,0.219
TAOV20792,0.012,0.679,0.276,0.033
TAOV20833,0.021,0.026,0.362,0.591
TAOV20862,0.018,0.18,0.66,0.142
TAOV20864,0.069,0.841,0.071,0.019
TAOV20867,0.025,0.678,0.237,0.06
TAOV20870,0.037,0.707,0.158,0.098
TAOV20917,0.018,0.028,0.485,0.469
TAOV20929,0.175,0.581,0.154,0.09
TAOV20978,0.016,0.129,0.598,0.257
TAOV21082,0.078,0.441,0.343,0.138
TAOV21151,0.019,0.071,0.602,0.308
TCNI00030,0.517,0.146,0.102,0.235
TCNI00031,0.02,0.218,0.643,0.119
TCNI00055,0.018,0.176,0.727,0.079
TCNI00132,0.014,0.661,0.297,0.028
TCNI00133,0.031,0.333,0.548,0.088
TCNI00134,0.103,0.131,0.251,0.515
TCNI00139,0.13,0.552,0.169,0.149
TCNI00140,0.11,0.367,0.369,0.154
TCNI00141,0.03,0.048,0.53,0.392
TCNI00143,0.03,0.182,0.665,0.123
TCNI00144,0.028,0.137,0.755,0.08
TCNI00147,0.02,0.049,0.712,0.219
TCNI00152,0.018,0.047,0.793,0.142
TCNI00153,0.017,0.092,0.774,0.117
TCNI00154,0.131,0.735,0.051,0.083
TCNI00155,0.017,0.201,0.701,0.081
TCNI00160,0.076,0.197,0.488,0.239
TCNI00161,0.118,0.434,0.309,0.139
TCNI00164,0.018,0.171,0.724,0.087
TCNI00166,0.266,0.22,0.22,0.294
TCNI00168,0.091,0.131,0.452,0.326
TCNI00172,0.018,0.054,0.668,0.26
TCNI00174,0.034,0.679,0.245,0.042
TCNI00179,0.112,0.209,0.44,0.239
TCNI00181,0.011,0.089,0.795,0.105
TCNI00182,0.059,0.195,0.545,0.201
TCNI00183,0.02,0.105,0.774,0.101
TCNI00197,0.414,0.279,0.096,0.211
TCNI00200,0.776,0.08,0.048,0.096
TCNI00201,0.243,0.386,0.166,0.205
TCNI00204,0.017,0.066,0.734,0.183
TCNI00211,0.043,0.058,0.213,0.686
TCNI00212,0.024,0.096,0.633,0.247
TCNI00213,0.249,0.141,0.247,0.363
TCNI00216,0.031,0.715,0.201,0.053
TCNI00217,0.016,0.037,0.632,0.315
TCNI00220,0.094,0.153,0.331,0.422
TCNI00222,0.347,0.419,0.115,0.119
TCNI00223,0.196,0.725,0.039,0.04
TCNI00225,0.042,0.591,0.278,0.089
TCNI00226,0.415,0.244,0.158,0.183
TCNI00252,0.073,0.667,0.184,0.076
TCNI00254,0.044,0.201,0.58,0.175
TCNI00256,0.125,0.456,0.13,0.289
TCNI00262,0.549,0.212,0.088,0.151
TCNI00263,0.057,0.541,0.327,0.075
TCNI00264,0.142,0.344,0.229,0.285
TCNI00266,0.028,0.689,0.245,0.038
TCNI00267,0.014,0.053,0.258,0.675
TCNI00285,0.05,0.182,0.656,0.112
TCNI00286,0.022,0.366,0.561,0.051
TCNI00287,0.025,0.033,0.489,0.453
TCNI00288,0.052,0.101,0.476,0.371
TCNI00289,0.14,0.212,0.372,0.276
TCNI00290,0.133,0.571,0.136,0.16
TCNI00291,0.026,0.738,0.187,0.049
TCNI00292,0.016,0.05,0.733,0.201
TCNI00297,0.165,0.145,0.288,0.402
TCNI00302,0.023,0.141,0.721,0.115
TCNI00305,0.016,0.079,0.616,0.289
TCNI00306,0.442,0.468,0.025,0.065
TCNI00308,0.014,0.088,0.626,0.272
TCNI00309,0.024,0.19,0.666,0.12
TCNI00311,0.013,0.041,0.59,0.356
TCNI00316,0.101,0.039,0.118,0.742
TCNI00320,0.036,0.673,0.228,0.063
TCNI00321,0.024,0.036,0.393,0.547
TCNI00326,0.012,0.045,0.792,0.151
TCNI00327,0.008,0.082,0.855,0.055
TCNI00328,0.107,0.097,0.399,0.397
TCNI00329,0.031,0.228,0.566,0.175
TCNI00337,0.02,0.02,0.276,0.684
TCNI00338,0.936,0.04,0.006,0.018
DOVE40002,0.073,0.122,0.51,0.295
DOVE40003,0.124,0.587,0.165,0.124
DOVE40009,0.055,0.203,0.547,0.195
DOVE40010,0.127,0.233,0.321,0.319
DOVE40013,0.238,0.478,0.178,0.106
DOVE40014,0.029,0.299,0.5,0.172
DOVE40015,0.722,0.198,0.017,0.063
DOVE40018,0.673,0.178,0.071,0.078
DOVE40020,0.062,0.108,0.67,0.16
DOVE40024,0.094,0.154,0.377,0.375
DOVE40028,0.259,0.652,0.035,0.054
DOVE40030,0.034,0.173,0.69,0.103
DOVE40032,0.021,0.138,0.651,0.19
DOVE40034,0.014,0.086,0.708,0.192
DOVE40035,0.265,0.219,0.162,0.354
DOVE40039,0.022,0.082,0.733,0.163
DOVE40041,0.072,0.6,0.267,0.061
DOVE40043,0.019,0.035,0.503,0.443
DOVE40045,0.782,0.168,0.029,0.021
DOVE40050,0.089,0.296,0.48,0.135
DOVE40052,0.02,0.374,0.513,0.093
DOVE40053,0.013,0.093,0.751,0.143
DOVE40055,0.439,0.439,0.068,0.054
DOVE40056,0.027,0.205,0.463,0.305
DOVE40057,0.031,0.064,0.747,0.158
DOVE40058,0.098,0.636,0.171,0.095
DOVE40061,0.018,0.016,0.111,0.855
DOVE40063,0.015,0.041,0.697,0.247
DOVE40065,0.027,0.156,0.717,0.1
DOVE40066,0.172,0.293,0.308,0.227
DOVE40077,0.153,0.326,0.266,0.255
DOVE40081,0.033,0.049,0.413,0.505
DOVE40082,0.121,0.27,0.229,0.38
DOVE40083,0.833,0.068,0.012,0.087
DOVE40085,0.851,0.051,0.02,0.078
DOVE40086,0.01,0.094,0.777,0.119
DOVE40087,0.14,0.055,0.128,0.677
DOVE40091,0.017,0.038,0.602,0.343
DOVE40096,0.97,0.013,0.005,0.012
DOVE40100,0.228,0.548,0.128,0.096
DOVE40101,0.01,0.047,0.692,0.251
DOVE40105,0.32,0.299,0.202,0.179
DOVE40106,0.029,0.032,0.239,0.7
DOVE40109,0.037,0.876,0.066,0.021
DOVE40110,0.109,0.358,0.352,0.181
DOVE40114,0.029,0.064,0.57,0.337
DOVE40117,0.024,0.01,0.091,0.875
DOVE40123,0.606,0.275,0.036,0.083
DOVE40124,0.892,0.046,0.015,0.047
DOVE40126,0.228,0.248,0.259,0.265
DOVE40127,0.167,0.407,0.302,0.124
DOVE40130,0.039,0.113,0.72,0.128
DOVE40132,0.038,0.204,0.597,0.161
DOVE40133,0.624,0.286,0.049,0.041
DOVE40134,0.055,0.107,0.5,0.338
DOVE40135,0.873,0.076,0.018,0.033
DOVE40141,0.022,0.076,0.592,0.31
DOVE40150,0.099,0.32,0.399,0.182
DOVE40155,0.022,0.049,0.699,0.23
DOVE40160,0.172,0.093,0.16,0.575
DOVE40163,0.929,0.054,0.006,0.011
DOVE40164,0.067,0.246,0.512,0.175
DOVE40172,0.873,0.099,0.008,0.02
DOVE40175,0.038,0.036,0.242,0.684
DOVE40177,0.14,0.421,0.315,0.124
DOVE40182,0.356,0.505,0.075,0.064
DOVE40185,0.481,0.466,0.023,0.03
DOVE40193,0.026,0.872,0.083,0.019
DOVE40194,0.285,0.246,0.114,0.355
DOVE40199,0.039,0.201,0.633,0.127
DOVE40200,0.116,0.057,0.148,0.679
DOVE40201,0.947,0.036,0.001,0.016
DOVE40202,0.951,0.034,0,0.015
DOVE40208,0.484,0.357,0.06,0.099
DOVE40209,0.063,0.753,0.142,0.042
DOVE40210,0.964,0.024,0.006,0.006
DOVE40211,0.027,0.683,0.257,0.033
DOVE40213,0.171,0.664,0.101,0.064
DOVE40219,0.482,0.427,0.03,0.061
DOVE40221,0.01,0.092,0.821,0.077
DOVE40222,0.011,0.038,0.684,0.267
DOVE40228,0.024,0.072,0.651,0.253
DOVE40235,0.814,0.148,0.008,0.03
DOVE40236,0.146,0.085,0.156,0.613
DOVE40240,0.977,0.019,0,0.004
DOVE40243,0.189,0.353,0.205,0.253
DOVE40248,0.908,0.066,0.006,0.02
DOVE40250,0.027,0.036,0.315,0.622
DOVE40253,0.013,0.119,0.742,0.126
DOVE40255,0.524,0.272,0.088,0.116
DOVE40258,0.028,0.101,0.644,0.227
DOVE40260,0.045,0.07,0.492,0.393
DOVE40261,0.164,0.321,0.254,0.261
DOVE40262,0.024,0.146,0.745,0.085
DOVE40264,0.016,0.015,0.271,0.698
DOVE40267,0.762,0.222,0.004,0.012
DOVE40268,0.018,0.008,0.104,0.87
DOVE40274,0.309,0.386,0.138,0.167
DOVE40275,0.044,0.075,0.286,0.595
DOVE40276,0.699,0.277,0.004,0.02
DOVE40277,0.023,0.04,0.619,0.318
DOVE40278,0.043,0.566,0.287,0.104
DOVE40279,0.152,0.423,0.232,0.193
DOVE40280,0.123,0.687,0.12,0.07
DOVE40281,0.205,0.122,0.21,0.463
DOVE40282,0.194,0.195,0.185,0.426
DOVE40293,0.205,0.476,0.122,0.197
DOVE40295,0.077,0.385,0.389,0.149
DOVE40296,0.88,0.069,0.01,0.041
DOVE40300,0.806,0.037,0.017,0.14
DOVE40301,0.56,0.157,0.046,0.237
DOVE40303,0.048,0.093,0.624,0.235
DOVE40305,0.057,0.047,0.292,0.604
DOVE40309,0.062,0.09,0.463,0.385
DOVE40310,0.493,0.168,0.117,0.222
DOVE40312,0.198,0.166,0.209,0.427
DOVE40314,0.609,0.321,0.024,0.046
DOVE40315,0.341,0.427,0.054,0.178
DOVE40322,0.078,0.124,0.503,0.295
DOVE40327,0.384,0.287,0.13,0.199
DOVE40328,0.055,0.153,0.612,0.18
DOVE40329,0.004,0.042,0.852,0.102
DOVE40334,0.322,0.489,0.088,0.101
DOVE40335,0.027,0.044,0.379,0.55
DOVE40337,0.125,0.082,0.329,0.464
DOVE40340,0.661,0.146,0.089,0.104
DOVE40345,0.083,0.487,0.33,0.1
DOVE40347,0.024,0.026,0.438,0.512
DOVE40348,0.149,0.482,0.226,0.143
DOVE40352,0.022,0.039,0.157,0.782
DOVE40359,0.661,0.063,0.028,0.248
DOVE40361,0.066,0.627,0.244,0.063
DOVE40366,0.188,0.322,0.232,0.258
DOVE40368,0.008,0.027,0.656,0.309
DOVE40372,0.041,0.278,0.568,0.113
DOVE40375,0.738,0.186,0.032,0.044
DOVE40376,0.886,0.093,0.006,0.015
DOVE40379,0.076,0.155,0.561,0.208
DOVE40380,0.019,0.337,0.566,0.078
DOVE40383,0.04,0.647,0.248,0.065
DOVE40385,0.417,0.384,0.054,0.145
DOVE40390,0.038,0.302,0.588,0.072
DOVE40391,0.859,0.046,0.016,0.079
DOVE40397,0.016,0.137,0.757,0.09
DOVE40398,0.359,0.272,0.133,0.236
DOVE40400,0.013,0.074,0.84,0.073
DOVE40405,0.721,0.17,0.027,0.082
DOVE40414,0.443,0.194,0.127,0.236
DOVE40415,0.511,0.242,0.11,0.137
DOVE40421,0.037,0.031,0.152,0.78
DOVE40423,0.176,0.304,0.35,0.17
DOVE40426,0.176,0.651,0.128,0.045
DOVE40427,0.074,0.118,0.43,0.378
DOVE40428,0.035,0.773,0.153,0.039
DOVE40429,0.582,0.138,0.084,0.196
DOVE40430,0.481,0.38,0.067,0.072
DOVE40431,0.807,0.103,0.027,0.063
DOVE40440,0.512,0.142,0.062,0.284
DOVE40443,0.05,0.134,0.657,0.159
DOVE40445,0.027,0.075,0.407,0.491
DOVE40447,0.222,0.355,0.235,0.188
DOVE40449,0.397,0.181,0.121,0.301
DOVE40451,0.23,0.437,0.115,0.218
DOVE40452,0.108,0.603,0.215,0.074
DOVE40455,0.45,0.455,0.046,0.049
DOVE40456,0.761,0.197,0.018,0.024
DOVE40469,0.032,0.493,0.427,0.048
DOVE40474,0.031,0.125,0.51,0.334
DOVE40476,0.896,0.095,0.002,0.007
DOVE40483,0.111,0.406,0.315,0.168
DOVE40485,0.038,0.469,0.421,0.072
DOVE40486,0.026,0.101,0.66,0.213
DOVE40488,0.042,0.055,0.429,0.474
DOVE40492,0.049,0.172,0.597,0.182
DOVE40494,0.75,0.146,0.018,0.086
DOVE40502,0.202,0.724,0.044,0.03
DOVE40503,0.153,0.71,0.074,0.063
DOVE40504,0.073,0.067,0.401,0.459
DOVE40506,0.098,0.129,0.19,0.583
DOVE40508,0.127,0.213,0.121,0.539
DOVE40511,0.024,0.058,0.52,0.398
DOVE40517,0.016,0.684,0.28,0.02
DOVE40521,0.015,0.12,0.731,0.134
DOVE40526,0.013,0.189,0.717,0.081
DOVE40529,0.027,0.183,0.716,0.074
DOVE40532,0.091,0.412,0.394,0.103
DOVE40534,0.461,0.319,0.05,0.17
DOVE40537,0.178,0.45,0.259,0.113
DOVE40541,0.958,0.025,0.001,0.016
DOVE40542,0.026,0.076,0.583,0.315
DOVE40543,0.202,0.215,0.377,0.206
DOVE40545,0.584,0.304,0.046,0.066
DOVE40547,0.049,0.151,0.488,0.312
DOVE40548,0.304,0.182,0.289,0.225
DOVE40553,0.942,0.031,0.003,0.024
DOVE40554,0.25,0.328,0.164,0.258
DOVE40555,0.104,0.323,0.339,0.234
DOVE40556,0.365,0.164,0.045,0.426
DOVE40568,0.444,0.215,0.082,0.259
DOVE40574,0.037,0.361,0.53,0.072
DOVE40578,0.026,0.111,0.676,0.187
DOVE40580,0.071,0.369,0.425,0.135
DOVE40581,0.867,0.107,0.008,0.018
DOVE40582,0.111,0.208,0.297,0.384
DOVE40586,0.066,0.112,0.541,0.281
DOVE40587,0.136,0.081,0.206,0.577
DOVE40589,0.15,0.096,0.207,0.547
DOVE40594,0.939,0.045,0.001,0.015
DOVE40595,0.291,0.4,0.17,0.139
DOVE40596,0.04,0.275,0.609,0.076
DOVE40600,0.139,0.129,0.357,0.375
DOVE40601,0.139,0.219,0.423,0.219
DOVE40602,0.362,0.512,0.055,0.071
DOVE40605,0.888,0.056,0.007,0.049
DOVE40608,0.216,0.414,0.187,0.183
DOVE40609,0.047,0.682,0.187,0.084
DOVE40610,0.047,0.324,0.504,0.125
DOVE40611,0.026,0.107,0.725,0.142
DOVE40620,0.197,0.406,0.223,0.174
DOVE40621,0.806,0.168,0.007,0.019
DOVE40622,0.025,0.509,0.388,0.078
DOVE40623,0.212,0.369,0.164,0.255
DOVE40624,0.307,0.315,0.163,0.215
DOVE40632,0.034,0.566,0.341,0.059
DOVE40635,0.417,0.409,0.104,0.07
DOVE40642,0.019,0.225,0.696,0.06
DOVE40644,0.156,0.148,0.258,0.438
DOVE40646,0.047,0.14,0.611,0.202
DOVE40648,0.044,0.029,0.122,0.805
DOVE40650,0.245,0.089,0.096,0.57
DOVE40651,0.147,0.62,0.092,0.141
DOVE40653,0.472,0.454,0.029,0.045
DOVE40659,0.291,0.215,0.184,0.31
DOVE40665,0.034,0.153,0.61,0.203
DOVE40672,0.775,0.209,0.004,0.012
DOVE40673,0.031,0.407,0.491,0.071
DOVE40682,0.017,0.09,0.73,0.163
DOVE40687,0.706,0.055,0.017,0.222
DOVE40688,0.008,0.068,0.698,0.226
DOVE40689,0.232,0.518,0.15,0.1
DOVE40693,0.036,0.259,0.572,0.133
DOVE40696,0.147,0.297,0.324,0.232
DOVE40697,0.062,0.288,0.499,0.151
DOVE40699,0.119,0.115,0.501,0.265
DOVE40701,0.023,0.028,0.163,0.786
DOVE40702,0.216,0.4,0.228,0.156
DOVE40704,0.015,0.119,0.686,0.18
DOVE40706,0.917,0.055,0.004,0.024
DOVE40707,0.428,0.326,0.116,0.13
DOVE40710,0.203,0.406,0.269,0.122
DOVE40713,0.918,0.051,0.007,0.024
DOVE40714,0.737,0.197,0.019,0.047
DOVE40716,0.037,0.217,0.6,0.146
DOVE40720,0.819,0.08,0.023,0.078
DOVE40722,0.012,0.026,0.436,0.526
DOVE40726,0.226,0.343,0.236,0.195
DOVE40730,0.319,0.173,0.177,0.331
DOVE40736,0.19,0.465,0.188,0.157
DOVE40738,0.253,0.218,0.302,0.227
DOVE40745,0.188,0.435,0.172,0.205
DOVE40755,0.492,0.235,0.064,0.209
DOVE40756,0.025,0.327,0.584,0.064
DOVE40763,0.064,0.322,0.496,0.118
DOVE40766,0.025,0.127,0.574,0.274
DOVE40770,0.479,0.109,0.082,0.33
DOVE40773,0.034,0.088,0.7,0.178
DOVE40775,0.183,0.216,0.364,0.237
DOVE40779,0.762,0.13,0.018,0.09
DOVE40780,0.052,0.095,0.639,0.214
DOVE40781,0.194,0.4,0.278,0.128
DOVE40786,0.017,0.106,0.664,0.213
DOVE40795,0.516,0.303,0.094,0.087
DOVE41593,0.182,0.155,0.344,0.319
DOVE41607,0.033,0.505,0.404,0.058
DOVE42129,0.039,0.14,0.479,0.342
DOVE42133,0.017,0.897,0.063,0.023
DOVE42134,0.031,0.166,0.695,0.108
DOVE42135,0.563,0.245,0.09,0.102
DOVE42136,0.042,0.089,0.436,0.433
DOVE42137,0.198,0.056,0.103,0.643
DOVE42144,0.034,0.034,0.307,0.625
DOVE42146,0.093,0.284,0.364,0.259
DOVE42147,0.925,0.069,0,0.006
DOVE42151,0.106,0.691,0.154,0.049
DOVE42152,0.207,0.315,0.215,0.263
DOVE42154,0.372,0.236,0.107,0.285
DOVE42155,0.094,0.314,0.426,0.166
DOVE42156,0.09,0.459,0.373,0.078
DOVE42157,0.687,0.143,0.052,0.118
DOVE42158,0.227,0.695,0.043,0.035
DOVE42159,0.041,0.045,0.179,0.735
DOVE42161,0.101,0.439,0.267,0.193
DOVE42162,0.029,0.017,0.156,0.798
DOVE42163,0.131,0.351,0.304,0.214
DOVE42164,0.218,0.652,0.079,0.051
DOVE42165,0.042,0.07,0.638,0.25
DOVE42166,0.088,0.566,0.204,0.142
DOVE42167,0.256,0.248,0.152,0.344
DOVE42168,0.006,0.059,0.69,0.245
DOVE42171,0.038,0.072,0.59,0.3
DOVE42177,0.086,0.474,0.228,0.212
DOVE42181,0.939,0.02,0.001,0.04
DOVE42183,0.579,0.297,0.052,0.072
DOVE42184,0.051,0.305,0.546,0.098
DOVE42187,0.014,0.021,0.211,0.754
DOVE42190,0.177,0.59,0.147,0.086
DOVE42192,0.017,0.055,0.605,0.323
DOVE42194,0.027,0.389,0.517,0.067
DOVE42195,0.043,0.811,0.109,0.037
DOVE42196,0.327,0.599,0.032,0.042
DOVE42199,0.557,0.188,0.105,0.15
DOVE42200,0.019,0.019,0.171,0.791
DOVE42201,0.03,0.025,0.144,0.801
DOVE42202,0.035,0.022,0.165,0.778
DOVE42204,0.27,0.346,0.186,0.198
DOVE42205,0.718,0.155,0.009,0.118
DOVE42206,0.017,0.054,0.519,0.41
DOVE42207,0.051,0.206,0.542,0.201
DOVE42208,0.078,0.118,0.515,0.289
DOVE42212,0.287,0.32,0.183,0.21
DOVE42215,0.038,0.088,0.614,0.26
DOVE42216,0.667,0.135,0.067,0.131
DOVE42217,0.019,0.735,0.222,0.024
DOVE42218,0.087,0.092,0.37,0.451
DOVE42219,0.154,0.179,0.317,0.35
DOVE42220,0.321,0.414,0.142,0.123
DOVE42221,0.964,0.031,0,0.005
DOVE42222,0.018,0.076,0.721,0.185
DOVE42225,0.955,0.013,0.004,0.028
DOVE42227,0.889,0.028,0.011,0.072
DOVE42228,0.272,0.152,0.148,0.428
DOVE42229,0.054,0.553,0.328,0.065
DOVE42231,0.584,0.308,0.041,0.067
DOVE42232,0.108,0.213,0.467,0.212
DOVE42233,0.833,0.087,0.033,0.047
DOVE42234,0.069,0.088,0.368,0.475
DOVE42237,0.256,0.643,0.054,0.047
DOVE42239,0.033,0.061,0.616,0.29
DOVE42240,0.011,0.007,0.091,0.891
DOVE42241,0.238,0.381,0.192,0.189
DOVE42242,0.053,0.213,0.49,0.244
DOVE42243,0.766,0.159,0.029,0.046
DOVE42246,0.03,0.168,0.679,0.123
DOVE42248,0.867,0.067,0.021,0.045
DOVE42249,0.063,0.182,0.567,0.188
DOVE42251,0.817,0.104,0.018,0.061
DOVE42252,0.254,0.56,0.098,0.088
DOVE42253,0.046,0.626,0.27,0.058
DOVE42255,0.046,0.494,0.395,0.065
DOVE42258,0.249,0.482,0.133,0.136
DOVE42259,0.018,0.761,0.189,0.032
DOVE42261,0.024,0.05,0.671,0.255
DOVE42264,0.389,0.249,0.127,0.235
DOVE42268,0.324,0.123,0.146,0.407
DOVE42270,0.96,0.033,0.001,0.006
DOVE42271,0.08,0.744,0.125,0.051
DOVE42275,0.027,0.013,0.126,0.834
DOVE42277,0.907,0.069,0.004,0.02
DOVE42281,0.097,0.218,0.532,0.153
DOVE42282,0.143,0.444,0.304,0.109
DOVE42284,0.078,0.098,0.577,0.247
DOVE42285,0.164,0.302,0.255,0.279
DOVE42286,0.727,0.229,0.015,0.029
DOVE42287,0.016,0.059,0.706,0.219
DOVE42289,0.741,0.227,0.003,0.029
DOVE42297,0.316,0.516,0.072,0.096
DOVE42299,0.949,0.041,0,0.01
DOVE42300,0.279,0.543,0.067,0.111
DOVE42303,0.962,0.032,0,0.006
DOVE42305,0.26,0.263,0.167,0.31
DOVE42310,0.017,0.076,0.561,0.346
DOVE42314,0.218,0.348,0.205,0.229
DOVE42316,0.803,0.086,0.028,0.083
DOVE42317,0.439,0.451,0.064,0.046
DOVE42319,0.948,0.049,0.002,0.001
DOVE42320,0.018,0.796,0.162,0.024
DOVE42330,0.697,0.228,0.027,0.048
DOVE42331,0.191,0.136,0.389,0.284
DOVE42333,0.027,0.026,0.206,0.741
DOVE42337,0.27,0.577,0.07,0.083
DOVE42338,0.286,0.244,0.24,0.23
DOVE42340,0.012,0.062,0.66,0.266
DOVE42341,0.936,0.05,0.003,0.011
DOVE42345,0.03,0.185,0.689,0.096
DOVE42347,0.595,0.291,0.035,0.079
DOVE42348,0.945,0.033,0,0.022
DOVE42349,0.068,0.105,0.399,0.428
DOVE42350,0.172,0.208,0.19,0.43
DOVE42351,0.668,0.03,0.039,0.263
DOVE42352,0.065,0.187,0.533,0.215
DOVE42354,0.915,0.072,0.003,0.01
DOVE42355,0.113,0.221,0.451,0.215
DOVE42358,0.056,0.028,0.14,0.776
DOVE42361,0.018,0.041,0.564,0.377
DOVE42364,0.915,0.058,0.003,0.024
DOVE42369,0.379,0.218,0.118,0.285
DOVE42370,0.192,0.473,0.206,0.129
DOVE42544,0.015,0.082,0.619,0.284
DOVE42545,0.959,0.023,0.001,0.017
DOVE42546,0.091,0.622,0.174,0.113
DOVE42556,0.722,0.256,0.004,0.018
DOVE42560,0.036,0.905,0.036,0.023
DOVE42563,0.046,0.185,0.576,0.193
DOVE42579,0.173,0.128,0.205,0.494
DOVE42601,0.012,0.015,0.193,0.78
DOVE42613,0.018,0.31,0.558,0.114
DOVE42615,0.61,0.167,0.122,0.101
DOVE42621,0.469,0.299,0.095,0.137
DOVE42627,0.469,0.301,0.095,0.135
DOVE42640,0.444,0.485,0.022,0.049
DOVE42643,0.186,0.13,0.198,0.486
DOVE42644,0.598,0.145,0.124,0.133
DOVE42651,0.028,0.192,0.683,0.097
DOVE42658,0.026,0.048,0.384,0.542
DOVE42659,0.04,0.508,0.388,0.064
DOVE42660,0.3,0.262,0.254,0.184
DOVE42668,0.541,0.08,0.064,0.315
DOVE42673,0.014,0.088,0.808,0.09
DOVE42679,0.786,0.178,0.006,0.03
DOVE42681,0.184,0.419,0.214,0.183
DOVE42683,0.96,0.038,0.001,0.001
DOVE42685,0.022,0.009,0.08,0.889
DOVE42686,0.202,0.243,0.236,0.319
DOVE42690,0.354,0.498,0.056,0.092
DOVE42804,0.851,0.124,0.006,0.019
DOVE42805,0.019,0.51,0.44,0.031
DOVE42806,0.069,0.071,0.161,0.699
DOVE42815,0.55,0.263,0.04,0.147
DOVE42816,0.056,0.171,0.553,0.22
DOVE42820,0.725,0.171,0.017,0.087
DOVE42821,0.09,0.144,0.319,0.447
DOVE42822,0.215,0.147,0.098,0.54
DOVE42827,0.867,0.063,0.016,0.054
DOVE42830,0.018,0.311,0.6,0.071
DOVE42833,0.614,0.164,0.07,0.152
DOVE42837,0.123,0.146,0.392,0.339
DOVE42838,0.13,0.661,0.139,0.07
DOVE42839,0.782,0.11,0.038,0.07
DOVE42842,0.019,0.058,0.61,0.313
DOVE42843,0.478,0.408,0.048,0.066
DOVE42844,0.065,0.123,0.3,0.512
DOVE42854,0.941,0.034,0,0.025
DOVE42856,0.623,0.344,0.007,0.026
DOVE42860,0.178,0.132,0.196,0.494
DOVE42870,0.036,0.271,0.588,0.105
DOVE42872,0.166,0.045,0.052,0.737
DOVE42876,0.053,0.34,0.504,0.103
DOVE42878,0.03,0.242,0.666,0.062
DOVE42879,0.283,0.056,0.069,0.592
DOVE42880,0.116,0.064,0.131,0.689
DOVE42883,0.34,0.101,0.117,0.442
DOVE42885,0.094,0.344,0.421,0.141
DOVE42891,0.532,0.274,0.068,0.126
DOVE42895,0.428,0.39,0.065,0.117
DOVE42900,0.19,0.351,0.329,0.13
DOVE42903,0.923,0.068,0.001,0.008
DOVE42911,0.089,0.489,0.316,0.106
DOVE42912,0.025,0.107,0.609,0.259
DOVE42915,0.019,0.765,0.196,0.02
DOVE42920,0.098,0.312,0.474,0.116
DOVE42928,0.485,0.478,0.013,0.024
DOVE42929,0.068,0.753,0.125,0.054
DOVE42930,0.265,0.521,0.087,0.127
DOVE42932,0.426,0.294,0.114,0.166
DOVE42933,0.056,0.048,0.343,0.553
DOVE42937,0.03,0.447,0.453,0.07
