"","ottaID","C1.MES","C2.IMM","C4.DIF","C5.PRO"
"1","TAOC00005",0.488732199065946,0.264762569483704,0.103855624569336,0.142649606881014
"2","TAOC00009",0.196665244147942,0.36977405443595,0.316275412117477,0.117285289298631
"3","TAOC00018",0.139521654006615,0.26405653814817,0.465008228969519,0.131413578875695
"4","TAOC00019",0.253513580027143,0.467879569145017,0.186844059772068,0.0917627910557713
"5","TAOC00022",0.556341959426611,0.221819751554923,0.0941037535907511,0.127734535427714
"6","TAOC00024",0.288602907541403,0.269640476882762,0.191992190232003,0.249764425343832
"7","TAOC00029",0.0454285770352612,0.154521407913308,0.347744235549989,0.452305779501442
"8","TAOC00034",0.130380513527452,0.27721944093508,0.367082367803346,0.225317677734123
"9","TAOC00068",0.392883049256146,0.275984480644634,0.0725622816682942,0.258570188430925
"10","TAOC00070",0.200813261127343,0.387701455869873,0.345738508295967,0.0657467747068164
"11","TAOC00095",0.559789620693547,0.250732498356978,0.0753692645701036,0.114108616379372
"12","TAOC00098",0.492575286417143,0.211837525180443,0.102384746063404,0.19320244233901
"13","TAOC00099",0.602441302977514,0.208786137291372,0.0960057107782777,0.0927668489528363
"14","TAOC00101",0,0.419122074868493,0.414344032791041,0.166533892340466
"15","TAOC00118",0.0191711001085544,0.228954520155171,0.666089160989578,0.0857852187466968
"16","TAOC00121",0.323354939693365,0.256934187066554,0.129341962879419,0.290368910360662
"17","TAOC00128",0.122633044216282,0.194462640300141,0.244989062529618,0.437915252953959
"18","TAOC00135",0.648087013973052,0.122332038029305,0.0750423895995196,0.154538558398124
"19","TAOC00158",0.197044718097695,0.284009161544664,0.20534313392607,0.313602986431571
"20","TAOC00171",0.418354471942536,0.297976696900947,0.113472053043747,0.17019677811277
"21","TAOC00191",0.228170148904724,0.247502658770756,0.262918807350651,0.26140838497387
"22","TAOC00192",0.104445070682522,0.52816710695135,0.241438855389712,0.125948966976417
"23","TAOC00195",0.114240169670242,0.357064119981565,0.333149820490761,0.195545889857432
"24","TAOC00208",0.282465502948182,0.35054718691348,0.255464221851021,0.111523088287317
"25","TAOC00220",0.304313210792062,0.24610272721383,0.134413802457498,0.315170259536611
"26","TAOC00224",0.141175984892562,0.275707381556635,0.435844148033808,0.147272485516996
"27","TAOC00229",0.283337112881652,0.346782737658946,0.218944114363926,0.150936035095476
"28","TAOC00230",0.0659374362668587,0.0733712054727388,0.426212962874512,0.43447839538589
"29","TAOC00240",0.336422571679892,0.421446447635423,0.108929880057607,0.133201100627079
"30","TAOC00241",0.695059580109491,0.167914517072824,0.047523676167801,0.0895022266498838
"31","TAOC00255",0.00923757613484886,0.0782760360765474,0.240505215401521,0.671981172387083
"32","TAOC00268",0.0916514074924724,0.24603575958737,0.530848120289523,0.131464712630634
"33","TAOC00281",0.144335644346481,0.372898182743611,0.357211157917958,0.12555501499195
"34","TAOC00287",0.151426482195193,0.384724246096482,0.261179730426684,0.202669541281641
"35","TAOC00291",0.11851241603553,0.188885974255182,0.506368125275719,0.186233484433569
"36","TAOC00313",0.207882008898403,0.303536469318097,0.321709495689031,0.16687202609447
"37","TAOC00329",0.0427661668691279,0.156598024640695,0.521484232710174,0.279151575780003
"38","TAOC00334",0.285194075669028,0.361955918971523,0.151083612717949,0.2017663926415
"39","TAOC00341",0.577258705993604,0.172578457562274,0.0779824454773346,0.172180390966787
"40","TAOC00344",0.49262621585745,0.224301793898996,0.0984171219026582,0.184654868340896
"41","TAOC00385",0.31779756105129,0.452032310286312,0.166238172741767,0.0639319559206314
"42","TAOC00411",0.220151372454144,0.15782908274368,0.179629475573159,0.442390069229017
"43","TAOC00417",0.0967909062062607,0.45363584559323,0.345044919219823,0.104528328980686
"44","TAOC00422",0.138655475088371,0.244593996685471,0.420039738595,0.196710789631157
"45","TAOC00460",0.112377582442664,0.205570736199822,0.398076736263424,0.283974945094089
"46","TAOC00462",0.302709109503699,0.33938614374823,0.190297073359958,0.167607673388114
"47","TAOC00469",0.144961402221868,0.356585189652603,0.265948543234726,0.232504864890803
"48","TAOC00474",0.137376879158998,0.315309581092918,0.410678984570744,0.13663455517734
"49","TAOC00491",0.0867613286879143,0.194692973951383,0.426597266050182,0.29194843131052
"50","TAOC00505",0.466043641820519,0.337759759332568,0.109335709000864,0.0868608898460486
"51","TAOC00507",0.239259473281875,0.378141539790001,0.210955780545806,0.171643206382318
"52","TAOC00516",0.0276412317186134,0.227486932162906,0.516605757621998,0.228266078496483
"53","TAOC00518",0.645056736740599,0.223121662836934,0.0466825710590661,0.0851390293634003
"54","TAOC00521",0.526479091417328,0.200736496379606,0.113337408612356,0.15944700359071
"55","TAOC00525",0.0479873594828983,0.104143781259024,0.367028781406107,0.480840077851972
"56","TAOC00535",0.135379789282806,0.408024161581235,0.308476424722104,0.148119624413855
"57","TAOC00551",0.305810780066515,0.241379178680358,0.270033040227202,0.182777001025926
"58","TAOC00555",0.562644755305657,0.238530778023168,0.0977309694179603,0.101093497253214
"59","TAOC00557",0.180131249459731,0.368501337300136,0.319239403508746,0.132128009731387
"60","TAOC00558",0.277758467004576,0.215273635987192,0.222012319304204,0.284955577704028
"61","TAOC00559",0.608189851374291,0.199008535488275,0.0872820642656917,0.105519548871742
"62","TAOC00565",0.444456794138284,0.322195065445873,0.0879095514601621,0.145438588955681
"63","TAOC00566",0.0496682496579145,0.0924954002646703,0.207190986419673,0.650645363657742
"64","TAOC00576",0.615408362779381,0.18664002226354,0.0699705608832105,0.127981054073869
"65","TAOC00578",0.195530276794365,0.361055754633955,0.264902045840247,0.178511922731433
"66","TAOC00579",0.313447528860253,0.276994731803093,0.200795874158371,0.208761865178283
"67","TAOC00581",0.27343801885814,0.443497485684672,0.0878877771731798,0.195176718284008
"68","TAOC00583",0.444878935156358,0.297495049932953,0.102449022107871,0.155176992802818
"69","TAOC00591",0.0879043241472324,0.170140913207944,0.295736077577851,0.446218685066972
"70","TAOC00602",0.169566241862692,0.280844854087328,0.358524763847765,0.191064140202215
"71","TAOC00622",0.0106099697054273,0.0558078769391175,0.413502884563316,0.520079268792139
"72","TAOC00642",0.332400325416438,0.329490699081691,0.151916114520479,0.186192860981392
"73","TAOC00647",0.466365179641986,0.312753180901593,0.107197621509356,0.113684017947064
"74","TAOC00648",0.32482698586499,0.392297002525912,0.159913443768952,0.122962567840146
"75","TAOC00657",0.299371196378658,0.373523488217559,0.143872296403341,0.183233019000443
"76","TAOC00665",0.148310835284336,0.309255053803431,0.351396440104445,0.191037670807788
"77","TAOC00670",0.558349399670827,0.240300059317726,0.085909351536121,0.115441189475326
"78","TAOC00672",0.189113217917771,0.289736224524087,0.330896907427464,0.190253650130678
"79","TAOC00673",0.147733227135141,0.0614944271669301,0.105344849284571,0.685427496413358
"80","TAOC00675",0.266349426018324,0.482530728002299,0.160240251962949,0.0908795940164275
"81","TAOC00676",0.0932461097884239,0.117711157114097,0.187154764439357,0.601887968658121
"82","TAOC00682",0.452481903955065,0.31948135141029,0.0857005562418931,0.142336188392752
"83","TAOC00684",0.214405225904414,0.11121092615095,0.166723237824349,0.507660610120287
"84","TAOC00715",0.266818411568279,0.290519182768751,0.205800323832424,0.236862081830546
"85","TAOC00737",0.496814264211334,0.18856937400008,0.125775880344503,0.188840481444083
"86","TAOC00741",0.304567372664727,0.256167577749742,0.256957874454923,0.182307175130609
"87","TAOC00749",0.17527800416546,0.276078133929277,0.20467566062129,0.343968201283973
"88","TAOC00778",0.483669404333908,0.138056249251191,0.0974591048772705,0.28081524153763
"89","TAOC00790",0.0460682264737426,0.52881820464792,0.318192049654734,0.106921519223603
"90","TAOC00792",0.333645883075626,0.282886089598176,0.149841947308014,0.233626080018183
"91","TAOC00801",0.325046393065361,0.309506138503725,0.171434012477226,0.194013455953688
"92","TAOC00802",0.487179661323214,0.202674307495291,0.0977542379085706,0.212391793272924
"93","TAOC00803",0.511905037581138,0.136364530678479,0.103170940886595,0.248559490853788
"94","TAOC00815",0.140547076679276,0.366767542441221,0.307267405292169,0.185417975587334
"95","TAOC00823",0.256437114319202,0.257200759962436,0.28282462574449,0.203537499973871
"96","TAOC00832",0.244534101916193,0.411755134121173,0.0790639571800198,0.264646806782614
"97","TAOC00853",0.207840667258396,0.280729884202693,0.287443404098312,0.2239860444406
"98","TAOC00863",0.299568689602946,0.354362047779294,0.13013324453275,0.21593601808501
"99","TAOC00877",0.0981646593082834,0.295267995762511,0.390805245197856,0.21576209973135
"100","TAOC00906",0.301566236415677,0.320814973144519,0.177491394405409,0.200127396034394
"101","TAOC00907",0.071216716750849,0.151875729453155,0.561641981091203,0.215265572704793
"102","TAOC00908",0.516444178425951,0.325869479152777,0.0685675879941597,0.0891187544271125
"103","TAOC00916",0.0477529510401029,0.15586288043172,0.28841364252806,0.507970526000117
"104","TAOC00917",0.519205145025382,0.247586853410441,0.0896740211582629,0.143533980405914
"105","TAOC00919",0.321929283811174,0.374408180235573,0.0986211533740252,0.205041382579228
"106","TAOC00954",0.0641657992824471,0.224545657669902,0.5360321902607,0.175256352786951
"107","TAOC00990",0.0539735694231086,0.424024538861743,0.316993936186337,0.205007955528811
"108","TAOC01015",0.12494078768225,0.288093988283634,0.380369968337857,0.206595255696258
"109","TAOC01038",0.482358579188065,0.3085257080812,0.101736246556239,0.107379466174496
"110","TAOC01054",0.475655046586976,0.28289278170182,0.0683096553830289,0.173142516328175
"111","TAOC01057",0.192379853888235,0.418338822119385,0.223941555252117,0.165339768740263
"112","TAOC01064",0.268953277805853,0.452020380468917,0.174607782811844,0.104418558913385
"113","TAOC01079",0.028709562782711,0.191290476834696,0.343083194024041,0.436916766358552
"114","TAOC01090",0.35103242042526,0.280573557461023,0.141428391633507,0.226965630480211
"115","TAOC01094",0.0808613079899862,0.189932265522093,0.518755578274349,0.210450848213572
"116","TAOC01146",0.0994675998996295,0.4279966880484,0.289407924328894,0.183127787723077
"117","TAOC01203",0.0283669205557674,0.15224841711071,0.657164085171011,0.162220577162511
"118","TAOC01205",0.483720589694985,0.280675599206859,0.106163531017996,0.129440280080159
"119","TAOC01208",0.0293455713025416,0.149871560762856,0.600017819294668,0.220765048639935
"120","TAOC01217",0.297081783475809,0.321195066063321,0.12888238630503,0.252840764155841
"121","TAOC01238",0.293598476497586,0.250459232656171,0.26267543414902,0.193266856697223
"122","TAOC01262",0.0216222108378884,0.191512303116749,0.47188347852876,0.314982007516602
"123","TAOC01265",0.173256701473952,0.221378147665116,0.236665357925653,0.368699792935279
"124","TAOC01267",0.0179674791291571,0.0705298300945851,0.811902721884617,0.0995999688916406
"125","TAOC01306",0.415692371838398,0.22050072415895,0.0728828372052936,0.290924066797358
"126","TAOC01317",0.235580001654899,0.447483491393158,0.176893382789313,0.14004312416263
"127","TAOC01332",0.163484720201303,0.272218629547684,0.384648685859168,0.179647964391845
"128","TAOC01339",0.392389312149552,0.334418661836677,0.147375938640763,0.125816087373009
"129","TAOC01370",0.0642520112244892,0.308788059464434,0.463057903373699,0.163902025937378
"130","TAOC01388",0.397092517723121,0.293553372347405,0.0500510745161886,0.259303035413285
"131","TAOC01399",0.331127569803228,0.133333052723121,0.0968961897915851,0.438643187682066
"132","TAOC01408",0.280968211049393,0.340571669962928,0.179291561519315,0.199168557468365
"133","TAOC01410",0.0800541699647258,0.0653309158004402,0.443880607022691,0.410734307212143
"134","TAOC01427",0.437584074384326,0.194063114454127,0.098574283766665,0.269778527394882
"135","TAOC01428",0.102272755412384,0.600365180685596,0.173271111678149,0.124090952223871
"136","TAOC01458",0.473081670475809,0.289369797680842,0.106738522033558,0.13081000980979
"137","TAOC01475",0.380812759642333,0.336082857616794,0.20145689322044,0.0816474895204335
"138","TAOC01486",0.34839868308543,0.196576667685258,0.132232175743474,0.322792473485838
"139","TAOC01487",0.505104613089378,0.240308747491521,0.0710756044638078,0.183511034955292
"140","TAOC01496",0.275315300825202,0.407325805459869,0.120663340219802,0.196695553495127
"141","TAOC01515",0.117766940309946,0.329074824813523,0.427611516989494,0.125546717887037
"142","TAOC01522",0.519437770547174,0.203407765365912,0.0752078183116063,0.201946645775307
"143","TAOC01525",0.0213756954832537,0.166164468460487,0.575571335262846,0.236888500793413
"144","TAOC01542",0.256532397511554,0.333556723303863,0.2706875981216,0.139223281062982
"145","TAOC01551",0.414289473367886,0.307604229504913,0.115835497895728,0.162270799231473
"146","TAOC01561",0.0882199599490814,0.206692900263488,0.53749455569635,0.16759258409108
"147","TAOC01572",0.124990982045467,0.340236193861287,0.382918905490677,0.151853918602569
"148","TAOC01609",0.461634414559523,0.392116428936995,0.0847056526318477,0.0615435038716343
"149","TAOC01644",0.521006511381086,0.2358288289801,0.0663784929491726,0.176786166689641
"150","TAOC01646",0.34009368556346,0.317003583508459,0.118900449111609,0.224002281816472
"151","TAOC01663",0.300064043287098,0.349777035025933,0.161129954106877,0.189028967580092
"152","TAOC01710",0.197738016537652,0.296627090444401,0.291081303564911,0.214553589453037
"153","TAOC01725",0.142241137970316,0.334194296909823,0.253048860439088,0.270515704680773
"154","TAOC01733",0.444168167722067,0.271232345190166,0.0487377744032234,0.235861712684543
"155","TAOC01738",0.107092141473709,0.201884206324855,0.375415980498871,0.315607671702564
"156","TAOC01743",0.373268580944129,0.222146190080598,0.0826188994880563,0.321966329487216
"157","TAOC01778",0.250464239140771,0.269127028217552,0.277336524825944,0.203072207815732
"158","TAOC01793",0.126929890563474,0.240297398065284,0.375757457718192,0.257015253653049
"159","TAOC01803",0.0591980226579525,0.162057305864645,0.539883536353105,0.238861135124297
"160","TAOC01807",0.149806860557331,0.38632590544156,0.249730323534708,0.2141369104664
"161","TAOC01837",0.0808427999983916,0.398264498417054,0.345036255503502,0.175856446081052
"162","TAOC01847",0.530801828141327,0.221199551602272,0.0668732479638907,0.18112537229251
"163","TAOC01859",0.119126287382326,0.274164472947496,0.409800603366367,0.196908636303811
"164","TAOC01874",0.216006175712787,0.177610997078533,0.375596503658683,0.230786323549997
"165","TAOC01889",0.239538252859679,0.396757416741137,0.27345678233629,0.090247548062894
"166","TAOC01891",0.247082026145886,0.155322745102889,0.217737894112482,0.379857334638744
"167","TAOC01893",0.284194686636954,0.351879842256791,0.202187201392748,0.161738269713506
"168","TAOC01895",0.4962941766488,0.24768096618905,0.125181509375858,0.130843347786292
"169","TAOC01900",0.459903607711408,0.235661867244329,0.0877102399084458,0.216724285135817
"170","TAOC01910",0.0841675931179497,0.314044522835878,0.391636894777203,0.21015098926897
"171","TAOC01919",0.580883804709498,0.235365030465258,0.0699252941283342,0.11382587069691
"172","TAOC01927",0.250547584281085,0.306453157427262,0.245764494438573,0.19723476385308
"173","TAOC01928",0.555934380829521,0.270909633131409,0.0678992638675418,0.105256722171527
"174","TAOC01931",0.134869863077071,0.5320057028821,0.253482990908215,0.0796414431326139
"175","TAOC01943",0.0645903146861064,0.349324850590164,0.333260885156855,0.252823949566874
"176","TAOC01948",0.153424158340804,0.0658759369800356,0.274713398589113,0.505986506090048
"177","TAOC01953",0.503947724534689,0.30655962066776,0.0394568463571423,0.150035808440408
"178","TAOC01954",0.140469527744899,0.344935436205024,0.292325009398171,0.222270026651906
"179","TAOC01956",0.198500349701743,0.292540080515079,0.245212996536174,0.263746573247003
"180","TAOC01967",0.0733716033051009,0.159969851239231,0.511352491382156,0.255306054073512
"181","TAOC01969",0.229335649623401,0.277350121813091,0.149301427566604,0.344012800996904
"182","TAOC01973",0.230614031744643,0.366545224658551,0.21415715934382,0.188683584252985
"183","TAOC01988",0.227070874787478,0.405828949339414,0.17452972141601,0.192570454457097
"184","TAOC01995",0.526089463000987,0.228863199744804,0.0991120137388946,0.145935323515314
"185","TAOC01999",0.130701560651778,0.216855924289875,0.430413032060121,0.222029482998226
"186","TAOC02002",0.401658195721014,0.325895607067006,0.120684741818111,0.151761455393868
"187","TAOC02003",0.0577315404843965,0.127671612723458,0.556161730205948,0.258435116586198
"188","TAOC02010",0.43297779827063,0.273485479085287,0.147194566366548,0.146342156277535
"189","TAOC02013",0.587684166135267,0.169858670012155,0.104487140538891,0.137970023313687
"190","TAOC02029",0.18259638415082,0.246490937034606,0.404483348239838,0.166429330574737
"191","TAOC02032",0.0988208214556494,0.294200421757638,0.407178226946543,0.19980052984017
"192","TAOC02038",0.342676135672356,0.359258522661488,0.167317463885324,0.130747877780832
"193","TAOC02049",0.141681082614172,0.202252305449663,0.188511218773195,0.46755539316297
"194","TAOC02051",0.639209998365955,0.17045458895813,0.0474850922156397,0.142850320460275
"195","TAOC02057",0.149237324777532,0.398087458235518,0.22418910196801,0.22848611501894
"196","TAOC02058",0.436233027741413,0.357366730397056,0.109868752973116,0.0965314888884153
"197","TAOC02059",0.0749456083805435,0.16856474954479,0.450491383153677,0.305998258920989
"198","TAOC02061",0.0359617367401013,0.331443929186535,0.44390862932657,0.188685704746793
"199","TAOC02062",0.22374489488538,0.469688085708394,0.198375648071979,0.108191371334247
"200","TAOC02063",0.167010585069158,0.282218692782631,0.251663430161239,0.299107291986972
"201","TAOC02064",0.576431435397333,0.198572389769167,0.0708724960113284,0.154123678822172
"202","TAOC02065",0.131428566596603,0.498213051818012,0.289682319282909,0.0806760623024756
"203","TAOC02067",0.34709243632413,0.357295398584917,0.158580833171062,0.137031331919891
"204","TAOC02074",0.0191711001085544,0.25407834779673,0.611895940385862,0.114854611708854
"205","TAOC02077",0.3897786500878,0.327190991349749,0.0874407805636921,0.195589577998759
"206","TAOC02080",0.0466441011241058,0.139285249859484,0.50567285551487,0.308397793501541
"207","TAOC02081",0.694072800710128,0.159396258556605,0.0764626190665459,0.0700683216667212
"208","TAOC02083",0.0935828559173394,0.122205286802601,0.213916464034946,0.570295393245114
"209","TAOC02087",0.283192174485021,0.351927894983919,0.217598746981321,0.147281183549739
"210","TAOC02100",0.153328030164406,0.144669388029012,0.253292475431251,0.448710106375331
"211","TAOC02120",0.0846364148439289,0.225670116092907,0.463885553844736,0.225807915218428
"212","TAOC02124",0.112853754469662,0.179733401510001,0.338688670808256,0.368724173212081
"213","TAOC02125",0.084182902051301,0.202485751439429,0.378446811413855,0.334884535095416
"214","TAOC02133",0.557989565811615,0.239450256678715,0.100663218745196,0.101896958764473
"215","TAOC02136",0.0283669205557674,0.201332899348492,0.491805876624592,0.278494303471149
"216","TAOC02144",0.0670645836868761,0.161549454819167,0.35653318338761,0.414852778106346
"217","TAOC02145",0.0770872177178785,0.389103495910732,0.213865489423214,0.319943796948175
"218","TAOC02174",0.659358950759593,0.16051931187181,0.048244237559738,0.131877499808859
"219","TAOC02189",0.0656592136817144,0.0871063200919934,0.335292123262115,0.511942342964177
"220","TAOC02193",0.143261929001014,0.321412350707509,0.36086432138885,0.174461398902626
"221","TAOC02205",0.154571107960326,0.302433554485809,0.194212124371049,0.348783213182817
"222","TAOC02206",0.171847582960344,0.286778470180019,0.310620173716167,0.23075377314347
"223","TAOC02212",0.0177319903260403,0.219234516589968,0.439516476363562,0.323517016720429
"224","TAOC02214",0.508552238355657,0.253830139048819,0.0745664883695054,0.163051134226019
"225","TAOC02215",0.16802511851066,0.291709918494441,0.303676819378322,0.236588143616576
"226","TAOC02222",0.136968965384384,0.280272481235604,0.391760822460942,0.19099773091907
"227","TAOC02239",0.500676737559635,0.278757865938336,0.0886794231916578,0.131885973310372
"228","TAOC02242",0.240431069558303,0.277657497244764,0.241313109247684,0.24059832394925
"229","TAOC02247",0.512696248817106,0.230538100517086,0.141306666636032,0.115458984029777
"230","TAOC02248",0.0200419472892701,0.168982650124559,0.526463514794151,0.28451188779202
"231","TAOC02249",0.0494814007534623,0.269200785897849,0.442401147912517,0.238916665436172
"232","TAOC02259",0.589736394054762,0.175535235158261,0.0598713714721722,0.174856999314805
"233","TAOC02287",0.524662809761544,0.230810155060118,0.101303868857319,0.14322316632102
"234","TAOC02288",0.0571641647870827,0.44989013941122,0.387842645661361,0.105103050140335
"235","TAOC02293",0.00897700301865356,0.0586296784676423,0.141379658945917,0.791013659567787
"236","TAOC02296",0.0179629223143942,0.189635174770602,0.478482772316442,0.313919130598562
"237","TAOC02297",0.554644214792798,0.225392540166139,0.0854749030509818,0.134488341990081
"238","TAOC02305",0.540146430135344,0.147895288509269,0.0450142194328387,0.266944061922548
"239","TAOC02309",0.442200101657127,0.304106349004739,0.115661259565166,0.138032289772968
"240","TAOC02313",0.167136488725145,0.290164303791748,0.377887677484161,0.164811529998946
"241","TAOC02319",0.0909598613987927,0.217379283207746,0.40099489651456,0.290665958878901
"242","TAOC02321",0.337023244371449,0.444930265141299,0.143845918857965,0.0742005716292867
"243","TAOC02327",0.52497694361156,0.272900344351422,0.0877730799567384,0.114349632080279
"244","TAOC02331",0.510045438273405,0.308826055213344,0.100818223498897,0.0803102830143533
"245","TAOC02363",0.215819958677329,0.463230638862311,0.194898578392284,0.126050824068075
"246","TAOC02375",0.379947930611664,0.291327621082626,0.0755800400096443,0.253144408296065
"247","TAOC02380",0.269908846985717,0.227501393511759,0.140227823770094,0.362361935732431
"248","TAOC02383",0.64211730829259,0.200588741257492,0.0758050701802099,0.0814888802697079
"249","TAOC02385",0.375316730195591,0.343602910998045,0.119234045714554,0.16184631309181
"250","TAOC02394",0.175059847141342,0.341948742611232,0.286495012489716,0.19649639775771
"251","TAOC02395",0.157851162269883,0.290337169473494,0.43505607216628,0.116755596090342
"252","TAOC02404",0.406009625604717,0.239172986957375,0.144369629608612,0.210447757829295
"253","TAOC02408",0.0902816159292966,0.24772518763327,0.518068179246482,0.143925017190952
"254","TAOC02414",0.533384249301737,0.231852495881788,0.066241821738876,0.1685214330776
"255","TAOC02415",0.35507652216218,0.37098837684724,0.117499176205436,0.156435924785144
"256","TAOC02419",0.0271497266140642,0.241238036939802,0.503697377520393,0.227914858925741
"257","TAOC02420",0.456816976798353,0.343829393164227,0.0965681195730141,0.102785510464405
"258","TAOC02421",0.209159220865093,0.297929193520119,0.301490267122665,0.191421318492123
"259","TAOC02422",0.17079429298609,0.375236382434395,0.292724841465834,0.161244483113681
"260","TAOC02427",0.229292432192318,0.374478533049126,0.210650087040621,0.185578947717935
"261","TAOC02428",0.0286496509349115,0.133042350522991,0.597580641298653,0.240727357243445
"262","TAOC02433",0.394559706859584,0.159208594287934,0.133569523599966,0.312662175252516
"263","TAOC02436",0.624412935973863,0.158524053734241,0.0672489909287165,0.14981401936318
"264","TAOC02438",0.19534674641097,0.410169647890838,0.229685513897442,0.16479809180075
"265","TAOC02440",0.64623364138776,0.21474175749093,0.0376453610726364,0.101379240048673
"266","TAOC02444",0.379780716271596,0.434855573981055,0.114996743116582,0.0703669666307668
"267","TAOC02445",0.432379762897676,0.312924642353386,0.143448824517086,0.111246770231852
"268","TAOC02446",0.669217706712122,0.14272552988149,0.0566292930366139,0.131427470369774
"269","TAOC02447",0.277652476224274,0.401013945615631,0.176278367570639,0.145055210589456
"270","TAOC02449",0.293754887491239,0.24634118223758,0.247182220697972,0.212721709573209
"271","TAOC02452",0.502385243612517,0.232412737648478,0.0895202035904312,0.175681815148575
"272","TAOC02454",0.25059806112201,0.4729711015861,0.216215027444497,0.0602158098473941
"273","TAOC02455",0.520442428587677,0.232682789939638,0.0720823136185713,0.174792467854114
"274","TAOC02457",0.27515042334915,0.357954212684368,0.206116747665994,0.160778616300487
"275","TAOC02461",0.448947165001671,0.313586464663141,0.100048006492004,0.137418363843184
"276","TAOC02463",0.023504723155314,0.0578954213358333,0.689308149738989,0.229291705769864
"277","TAOC02464",0.147903745439083,0.395158713966576,0.36285020087191,0.0940873397224318
"278","TAOC02465",0.615490356386352,0.185321925590394,0.0913693085026637,0.10781840952059
"279","TAOC02470",0.131422137614867,0.296290673835811,0.421415231702482,0.15087195684684
"280","TAOC02471",0.570159697168203,0.234887740705704,0.054059961754907,0.140892600371186
"281","TAOC02473",0.107130031284309,0.0881849057952148,0.376806839495485,0.427878223424991
"282","TAOC02474",0.57558305821674,0.250781364606092,0.0685763343459292,0.105059242831239
"283","TAOC02475",0.100394033571344,0.235938778842698,0.449086232322658,0.214580955263299
"284","TAOC02476",0.256051020269232,0.381372290627446,0.262147207523578,0.100429481579744
"285","TAOC02479",0.256154848873241,0.485772080546358,0.142572749352498,0.115500321227903
"286","TAOC02492",0.1703348576445,0.189631678070003,0.362222888630016,0.277810575655482
"287","TAOC02494",0.385168790260857,0.319412764092888,0.112360574941649,0.183057870704607
"288","TAOC02496",0.391926078228305,0.313761276092934,0.167784872866253,0.126527772812508
"289","TAOC02504",0.650663598665915,0.167643151706191,0.0677410969507383,0.113952152677155
"290","TAOC02507",0.226580214737334,0.305813721763276,0.264890907532269,0.202715155967122
"291","TAOC02514",0.160479206962602,0.34012428567923,0.32521775668808,0.174178750670088
"292","TAOC02518",0.38607470498435,0.235313516130903,0.222087732412976,0.156524046471771
"293","TAOC02520",0.0667126504261906,0.372922128537657,0.288000265756853,0.272364955279299
"294","TAOC02557",0.242354622294249,0.240588433273395,0.269868271873,0.247188672559356
"295","TAOC02559",0.0485798510136646,0.248876502302191,0.440929629862135,0.26161401682201
"296","TAOC02561",0.185586687201226,0.10903337702274,0.473591775885565,0.231788159890469
"297","TAOC02565",0.364341553633515,0.341006710336801,0.140381461811696,0.154270274217988
"298","TAOC02566",0.243400028858398,0.360180075457693,0.185581661548163,0.210838234135747
"299","TAOC02568",0.0976451029695746,0.231091482520732,0.431900884873148,0.239362529636546
"300","TAOC02571",0.206473088495653,0.255931936293976,0.284186304027149,0.253408671183222
"301","TAOC02572",0.182459585233847,0.211264897541864,0.273428347505515,0.332847169718774
"302","TAOC02575",0.242875359414065,0.187875892076578,0.103748131001169,0.465500617508187
"303","TAOC02584",0.170658618499115,0.492848612949069,0.228923900319984,0.107568868231832
"304","TAOC02586",0.179058523172672,0.291091432743515,0.338508801879123,0.19134124220469
"305","TAOC02588",0.389681473749902,0.206114676057476,0.0798514824561024,0.324352367736519
"306","TAOC02589",0,0.0657874154211479,0.610660636311376,0.323551948267477
"307","TAOC02595",0.088874531374287,0.351698415335845,0.377397673008529,0.182029380281338
"308","TAOC02596",0.299275215878751,0.409507368066446,0.164132463193923,0.12708495286088
"309","TAOC02600",0.318081578118356,0.372340512014232,0.119688218141113,0.189889691726299
"310","TAOC02605",0.51968107574657,0.236522061151203,0.0707657802216142,0.173031082880613
"311","TAOC02607",0.113260804013286,0.356347720099567,0.340421926474707,0.189969549412441
"312","TAOC02610",0.207578504054473,0.338348380455759,0.24572771482128,0.208345400668488
"313","TAOC02612",0.129385288820415,0.362673358229999,0.320871069961743,0.187070282987842
"314","TAOC02627",0.0266671377866021,0.0798408173892396,0.335069949330975,0.558422095493183
"315","TAOC02632",0.444712970159795,0.224115409061099,0.0681278734770854,0.263043747302021
"316","TAOC02642",0.142281979926827,0.29051364463758,0.425707207843074,0.141497167592519
"317","TAOC02644",0.163344577889836,0.278725233167665,0.328124077967316,0.229806110975183
"318","TAOC02646",0.0646618160848783,0.37982495009778,0.399417042223792,0.156096191593549
"319","TAOC02657",0.449661236279465,0.272795839049174,0.0806915474829424,0.196851377188418
"320","TAOC02671",0.215282384545323,0.266698023913692,0.333990162049067,0.184029429491919
"321","TAOC02677",0.189585907965622,0.266970435744824,0.285643928751579,0.257799727537975
"322","TAOC02678",0.0181727235954107,0.114650824430406,0.61790079957405,0.249275652400134
"323","TAOC02679",0.100201100369451,0.320200165901362,0.456671412529769,0.122927321199418
"324","TAOC02682",0.0707616965056593,0.238851443482203,0.222087457428977,0.46829940258316
"325","TAOC02683",0.0381352362695507,0.103219398059224,0.5131411262934,0.345504239377825
"326","TAOC02684",0.430344143770775,0.217171829771253,0.171220894635911,0.181263131822062
"327","TAOC02688",0.434413900145631,0.292031124585318,0.109890218249247,0.163664757019803
"328","TAOC02707",0.419705654958285,0.326831749807736,0.112124049582943,0.141338545651036
"329","TAOC02717",0.289325137680385,0.312827645800684,0.122419269708193,0.275427946810737
"330","TAOC02719",0.166192300525838,0.336927048887111,0.210976702383263,0.285903948203788
"331","TAOC02740",0.350884633926981,0.340143046282385,0.183764268683207,0.125208051107426
"332","TAOC02742",0.272750650480116,0.380585204132886,0.228254881857102,0.118409263529897
"333","TAOC02745",0.0742990666825529,0.28580280858325,0.441615655573887,0.198282469160311
"334","TAOC02746",0.505453511715219,0.256643202565992,0.118377517416812,0.119525768301978
"335","TAOC02760",0.362739017697231,0.397671529316847,0.124515940812126,0.115073512173796
"336","TAOC02762",0.485601006613932,0.340165570505207,0.0952553380389809,0.0789780848418796
"337","TAOC02765",0.279446214775824,0.338394186905272,0.202386780412197,0.179772817906707
"338","TAOC02766",0.246549278023293,0.422969331323269,0.152341957669269,0.178139432984168
"339","TAOC02768",0.581395463539702,0.206579724832985,0.0682157346331254,0.143809076994188
"340","TAOC02769",0.00837049599323529,0.0388223746000193,0.530315615066716,0.422491514340029
"341","TAOC02770",0.696444111319892,0.176670952499179,0.0410926556828574,0.0857922804980716
"342","TAOC02771",0.56218055137513,0.189548451457827,0.0186486581180168,0.229622339049026
"343","TAOC02773",0.575470820375826,0.164011194050303,0.0799628233368487,0.180555162237022
"344","TAOC02777",0.279090845791038,0.449687308978199,0.141136744148157,0.130085101082607
"345","TAOC02781",0.534816349770533,0.279904530299957,0.0996513896082122,0.0856277303212975
"346","TAOC02784",0.362983207265131,0.27170676244559,0.0984252162830034,0.266884814006276
"347","TAOC02940",0.407723179710485,0.27411134968183,0.102173756783951,0.215991713823734
"348","TAOC02955",0.0544626619622464,0.506762874832264,0.291358752324837,0.147415710880652
"349","TAOC10001",0.159644851276636,0.219759618872066,0.502941984477726,0.117653545373572
"350","TAOC10002",0.0781324320494778,0.434088987764908,0.331222665534176,0.156555914651439
"351","TAOC10007",0.0178089144973737,0.25839414555869,0.507707614813744,0.216089325130193
"352","TAOC10009",0.105310134247546,0.39877888342462,0.279435403737351,0.216475578590484
"353","TAOC10010",0.0666782024864846,0.13952534305826,0.264595110859009,0.529201343596247
"354","TAOC10012",0.248175454719649,0.365882535030959,0.20897639604863,0.176965614200762
"355","TAOC10015",0.129577923594203,0.28933310474368,0.161142372088329,0.419946599573787
"356","TAOC10016",0.0106349302297271,0.121147893650105,0.618785561648107,0.249431614472061
"357","TAOC10017",0.0396800617842342,0.129599096416765,0.513718406381264,0.317002435417737
"358","TAOC10019",0.323846025201656,0.292943573451257,0.0771883145024249,0.306022086844662
"359","TAOC10020",0.149008149964265,0.368443736404548,0.29532687517911,0.187221238452077
"360","TAOC10021",0.491638212245138,0.243224076740606,0.0710851418998004,0.194052569114455
"361","TAOC10023",0.485523942041179,0.370492939676678,0.0809439387153415,0.0630391795668018
"362","TAOC10024",0.0666953726230548,0.153093093246071,0.555306743357594,0.224904790773281
"363","TAOC10026",0.52933813622371,0.22440707982763,0.0770212442418361,0.169233539706824
"364","TAOC10028",0.176174896674978,0.288337779975238,0.276177695497132,0.259309627852653
"365","TAOC10029",0.364416715525066,0.296706284523087,0.157563672072316,0.181313327879531
"366","TAOC10030",0.120065283952686,0.250751947670652,0.405162338303864,0.224020430072798
"367","TAOC10031",0,0.0200342221846474,0.344553552791293,0.63541222502406
"368","TAOC10033",0.00931450030618222,0.326557678668483,0.448580786306953,0.215547034718382
"369","TAOC10037",0.705756933082859,0.104736115759043,0.044729253709879,0.144777697448219
"370","TAOC10038",0.0766152964074644,0.29817411897225,0.463833910030175,0.161376674590111
"371","TAOC10041",0.417673202146113,0.272491142748965,0.122263280415605,0.187572374689317
"372","TAOC10042",0.452710728367999,0.319031321646916,0.12707546980745,0.101182480177634
"373","TAOC10043",0.63518916354402,0.207475184044353,0.0504559955396737,0.106879656871952
"374","TAOC10044",0.731765282589545,0.153251261244905,0.0569478152719322,0.0580356408936179
"375","TAOC10045",0.673336614033946,0.184573300824328,0.0563451206830596,0.0857449644586672
"376","TAOC10046",0.397609430326423,0.287065984370763,0.102013473039816,0.213311112262999
"377","TAOC10050",0.237930308683222,0.41155735032552,0.205033196569825,0.145479144421432
"378","TAOC10052",0.503336215997142,0.299938970544543,0.0767947258528176,0.119930087605497
"379","TAOC10054",0.677590927413368,0.205541752354628,0.0518760793361235,0.0649912408958808
"380","TAOC10055",0.513900977638211,0.249918248308309,0.0391015766093507,0.197079197444129
"381","TAOC10057",0.211812871594552,0.302511692717114,0.26677850971361,0.218896925974724
"382","TAOC10059",0.0274118752498436,0.418273490119904,0.356130723012035,0.198183911618218
"383","TAOC10061",0.0761774130837769,0.180869120209871,0.501171180965461,0.241782285740892
"384","TAOC10062",0.420898378265212,0.283764742360696,0.11672002608669,0.178616853287402
"385","TAOC10063",0.455093118900071,0.274200892379755,0.125022891399693,0.145683097320481
"386","TAOC10064",0.218448997133935,0.177805045527443,0.194516391567473,0.409229565771149
"387","TAOC10070",0.176414310645172,0.294492395699769,0.345783650565958,0.183309643089102
"388","TAOC10071",0.438326875972175,0.29946784316268,0.151491987288282,0.110713293576864
"389","TAOC10073",0.677096188055721,0.196378442522295,0.0591325854659214,0.0673927839560633
"390","TAOC10074",0.255870306686899,0.148529356876268,0.125925908872853,0.46967442756398
"391","TAOC10077",0.654108485800547,0.167314714889594,0.0673137575720696,0.111263041737789
"392","TAOC10078",0.533680289264061,0.277608455246435,0.100372586827795,0.0883386686617101
"393","TAOC10079",0.130230410065029,0.174058966480815,0.495672679542998,0.200037943911158
"394","TAOC10087",0.307381993246716,0.182864756181207,0.216498230112245,0.293255020459833
"395","TAOC10088",0.0462562420153179,0.188246732460436,0.593856635613742,0.171640389910504
"396","TAOC10089",0.599218203649045,0.266593916957011,0.0404350398707664,0.0937528395231773
"397","TAOC10091",0.662180225207929,0.170153873384387,0.0705712037333274,0.0970946976743565
"398","TAOC10092",0.440993111447012,0.264749403695521,0.138069382651628,0.156188102205838
"399","TAOC10094",0.58599381328955,0.196818029678156,0.0563451023439465,0.160843054688347
"400","TAOC10095",0.0198725063645759,0.256756329584244,0.50848855670334,0.21488260734784
"401","TAOC10096",0.121550446695919,0.172793196540321,0.323635872836585,0.382020483927175
"402","TAOC10097",0.0740050003463561,0.356938452216678,0.419891804448418,0.149164742988548
"403","TAOC10098",0.38918512461025,0.226892859601257,0.0783489800611561,0.305573035727337
"404","TAOC10100",0.27888185672645,0.0883724710830747,0.21837379908279,0.414371873107686
"405","TAOC10103",0.166056176554123,0.308121858795302,0.314639127397745,0.211182837252831
"406","TAOC10106",0.320304563289626,0.303063702217781,0.0998732093163674,0.276758525176226
"407","TAOC10107",0.600971904589273,0.132539703734547,0.0586984137507755,0.207789977925405
"408","TAOC10108",0.281597092401801,0.444695732038727,0.216311262135134,0.0573959134243375
"409","TAOC10109",0.485500916303739,0.300410325121042,0.121737114765942,0.0923516438092776
"410","TAOC10110",0.126993746085085,0.300949925889867,0.444123347140539,0.127932980884509
"411","TAOC10112",0.0587375140711793,0.266628112243355,0.515145016927199,0.159489356758267
"412","TAOC10113",0.509362459321131,0.228638256933012,0.0632653530457964,0.198733930700061
"413","TAOC10116",0.0986111951427056,0.330827498722687,0.423397806618752,0.147163499515855
"414","TAOC10117",0.383745651561548,0.403436093153392,0.125360606489081,0.0874576487959794
"415","TAOC10119",0.0857340795867931,0.410138368265835,0.341660666072897,0.162466886074475
"416","TAOC10120",0.15408991183227,0.39595080222012,0.221412729541768,0.228546556405842
"417","TAOC10121",0.0181727235954107,0.162504716741589,0.494457681502835,0.324864878160165
"418","TAOC10122",0.0630152971669628,0.183407628672818,0.56103723646157,0.192539837698649
"419","TAOC10124",0.287686612292579,0.470068587280516,0.0914235887174451,0.150821211709459
"420","TAOC10125",0.424971747300582,0.329811288720106,0.135786043298216,0.109430920681096
"421","TAOC10127",0.206511872324019,0.431037735611058,0.194843323888533,0.16760706817639
"422","TAOC10129",0.0192304883810511,0.071701180971973,0.282918103814979,0.626150226831997
"423","TAOC10130",0.451318236374274,0.210860199196396,0.12178908305813,0.216032481371199
"424","TAOC10131",0.0578387977575444,0.36783372203599,0.415731658603852,0.158595821602614
"425","TAOC10132",0.157871999432628,0.185434719211224,0.221116860393088,0.43557642096306
"426","TAOC10134",0.184188502096637,0.157754625591991,0.352922977626573,0.305133894684798
"427","TAOC10136",0.0467419670899695,0.240039506440176,0.599669730289673,0.113548796180182
"428","TAOC10137",0.38994743889193,0.41659252373872,0.0733618642192061,0.120098173150143
"429","TAOC10138",0.498898605331926,0.301382531228617,0.0395889332648786,0.160129930174578
"430","TAOC10139",0.0446294784472282,0.252109351983748,0.389788976581825,0.3134721929872
"431","TAOC10140",0.232288579820249,0.390402852692608,0.15424199424729,0.223066573239853
"432","TAOC10142",0.170860295754302,0.286789979919747,0.357322439269857,0.185027285056093
"433","TAOC10143",0.0913504224917618,0.0803603310714272,0.170519533890734,0.657769712546077
"434","TAOC10144",0.629071247848963,0.195944866277333,0.0601679010623078,0.114815984811396
"435","TAOC10146",0.121202372322853,0.207938977010151,0.415563543370938,0.255295107296058
"436","TAOC10147",0.237044691812305,0.281793064195635,0.178843469485346,0.302318774506713
"437","TAOC10148",0.313900529322937,0.261334916568801,0.175253083960291,0.249511470147971
"438","TAOC10149",0.076714132711998,0.208223530741127,0.451652151142564,0.263410185404311
"439","TAOC10154",0.252758110686114,0.213019492755946,0.200475072860737,0.333747323697203
"440","TAOC10157",0.211838467745125,0.49188269957069,0.121803229444945,0.17447560323924
"441","TAOC10158",0.0475959872732545,0.0700013280005501,0.419210283313209,0.463192401412987
"442","TAOC10159",0.397151053351012,0.35032114650121,0.0864218593317813,0.166105940815997
"443","TAOC10161",0.479805896633214,0.353813509119275,0.0760980906339458,0.0902825036135654
"444","TAOC10162",0.366960199572938,0.433036352692864,0.121717937069487,0.0782855106647112
"445","TAOC10163",0.160412207582843,0.237377218424765,0.299845973004676,0.302364600987717
